2456754.40561342
2456754.40563078
2456754.40564814
2456754.40566550
2456754.40568287
2456754.40570023
2456754.40571759
2456754.40573495
2456754.40575231
2456754.40576967
2456754.40578703
2456754.40580439
2456754.40582175
2456754.40583912
2456754.40585648
2456754.40587384
2456754.40589120
2456754.40590856
2456754.40592592
2456754.40594328
2456754.40596064
2456754.40597800
2456754.40599537
2456754.40601273
2456754.40603009
2456754.40604745
2456754.40606481
2456754.40608217
2456754.40609953
2456754.40611689
2456754.40613425
2456754.40615162
2456754.40616898
2456754.40618634
2456754.40620370
2456754.40622106
2456754.40623842
2456754.40625578
2456754.40627314
2456754.40629050
2456754.40630787
2456754.40632523
2456754.40634259
2456754.40635995
2456754.40637731
2456754.40639467
2456754.40641203
2456754.40642939
2456754.40644675
2456754.40646412
2456754.40648148
2456754.40649884
2456754.40651620
2456754.40653356
2456754.40655092
2456754.40656828
2456754.40658564
2456754.40660300
2456754.40662037
2456754.40663773
2456754.40665509
2456754.40667245
2456754.40668981
2456754.40670717
2456754.40672453
2456754.40674189
2456754.40675925
2456754.40677662
2456754.40679398
2456754.40681134
2456754.40682870
2456754.40684606
2456754.40686342
2456754.40688078
2456754.40689814
2456754.40691550
2456754.40693287
2456754.40695023
2456754.40696759
2456754.40698495
2456754.40700231
2456754.40701967
2456754.40703703
2456754.40705439
2456754.40707175
2456754.40708912
2456754.41056134
2456754.41403356
2456754.41750578
2456754.42097800
2456754.42445023
2456754.42792245
2456754.43139467
2456754.43486689
2456754.43833912
2456754.44181134
2456754.44528356
2456754.44875578
2456754.45222800
2456754.45570023
2456754.45917245
2456754.46264467
2456754.46611689
2456754.46958912
2456754.47306134
2456754.47653356
2456754.48000578
2456754.48347800
2456754.48695023
2456754.49042245
2456754.49389467
2456754.49736689
2456754.50083912
2456754.50431134
2456754.50778356
2456754.51125578
2456754.51472800
2456754.51820023
2456754.52167245
2456754.52514467
2456754.52861689
2456754.53208912
2456754.53556134
2456754.53903356
2456754.54250578
2456754.54597800
2456754.54945023
2456754.55292245
2456754.55639467
2456754.55986689
2456754.56333912
2456754.56681134
2456754.57028356
2456754.57375578
2456754.57722800
2456754.58070023
2456754.58417245
2456754.58764467
2456754.59111689
2456754.59458912
2456754.59806134
2456754.60153356
2456754.60500578
2456754.60847800
2456754.61195023
2456754.61542245
2456754.61889467
2456754.62236689
2456754.62583912
2456754.62931134
2456754.63278356
2456754.63625578
2456754.63972800
2456754.64320023
2456754.64667245
2456754.65014467
2456754.65361689
2456754.65708912
2456754.66056134
2456754.66403356
2456754.66750578
2456754.67097800
2456754.67445023
2456754.67792245
2456754.68139467
2456754.68486689
2456754.68833912
2456754.69181134
2456754.69528356
2456754.69875578
2456754.70222800
2456754.70570023
2456754.70917245
2456754.71264467
2456754.71611689
2456754.71958912
2456754.72306134
2456754.72653356
2456754.73000578
2456754.73347800
2456754.73695023
2456754.74042245
2456754.74389467
2456754.74736689
2456754.75083912
2456754.75431134
2456754.75778356
2456754.76125578
2456754.76472800
2456754.76820023
2456754.77167245
2456754.77514467
2456754.77861689
2456754.78208912
2456754.78556134
2456754.78903356
2456754.79250578
2456754.79597800
2456754.79945023
2456754.80292245
2456754.80639467
2456754.80986689
2456754.81333912
2456754.81681134
2456754.82028356
2456754.82375578
2456754.82722800
2456754.83070023
2456754.83417245
2456754.83764467
2456754.84111689
2456754.84458912
2456754.84806134
2456754.85153356
2456754.85500578
2456754.85847800
2456754.86195023
2456754.86542245
2456754.86889467
2456754.87236689
2456754.87583912
2456754.87931134
2456754.88278356
2456754.88625578
2456754.88972800
2456754.89320023
2456754.89667245
2456754.90014467
2456754.90361689
2456754.90708912
2456754.91056134
2456754.91403356
2456754.91750578
2456754.92097800
2456754.92445023
2456754.92792245
2456754.93139467
2456754.93486689
2456754.93833912
2456754.94181134
2456754.94528356
2456754.94875578
2456754.95222800
2456754.95570023
2456754.95917245
2456754.96264467
2456754.96611689
2456754.96958912
2456754.97306134
2456754.97653356
2456754.98000578
2456754.98347800
2456754.98695023
2456754.99042245
2456754.99389467
2456754.99736689
2456755.00083912
2456755.00431134
2456755.00778356
2456755.01125578
2456755.01472800
2456755.01820023
2456755.02167245
2456755.02514467
2456755.02861689
2456755.03208912
2456755.03556134
2456755.03903356
2456755.04250578
2456755.04597800
2456755.04945023
2456755.05292245
2456755.05639467
2456755.05986689
2456755.06333912
2456755.06681134
2456755.07028356
2456755.07375578
2456755.07722800
2456755.08070023
2456755.08417245
2456755.08764467
2456755.09111689
2456755.09458912
2456755.09806134
2456755.10153356
2456755.10500578
2456755.10847800
2456755.11195023
2456755.11542245
2456755.11889467
2456755.12236689
2456755.12583912
2456755.12931134
2456755.13278356
2456755.13625578
2456755.13972800
2456755.14320023
2456755.14667245
2456755.15014467
2456755.15361689
2456755.15708912
2456755.16056134
2456755.16403356
2456755.16750578
2456755.17097800
2456755.17445023
2456755.17792245
2456755.18139467
2456755.18486689
2456755.18833912
2456755.19181134
2456755.19528356
2456755.19875578
2456755.20222800
2456755.20570023
2456755.20917245
2456755.21264467
2456755.21611689
2456755.21958912
2456755.22306134
2456755.22653356
2456755.23000578
2456755.23347800
2456755.23695023
2456755.24042245
2456755.24389467
2456755.24736689
2456755.25083912
2456755.25431134
2456755.25778356
2456755.26125578
2456755.26472800
2456755.26820023
2456755.27167245
2456755.27514467
2456755.27861689
2456755.28208912
2456755.28556134
2456755.28903356
2456755.29250578
2456755.29597800
2456755.29945023
2456755.30292245
2456755.30639467
2456755.30986689
2456755.31333912
2456755.31681134
2456755.32028356
2456755.32375578
2456755.32722800
2456755.33070023
2456755.33417245
2456755.33764467
2456755.34111689
2456755.34458912
2456755.34806134
2456755.35153356
2456755.35500578
2456755.35847800
2456755.36195023
2456755.36542245
2456755.36889467
2456755.37236689
2456755.37583912
2456755.37931134
2456755.38278356
2456755.38625578
2456755.38972800
2456755.39320023
2456755.39667245
2456755.40014467
2456755.40144675
2456755.40146412
2456755.40148148
2456755.40149884
2456755.40151620
2456755.40153356
2456755.40500578
2456755.40832754
2456755.40834490
2456755.40836226
2456755.40837963
2456755.40839699
2456755.40841435
2456755.40843171
2456755.40844907
2456755.40846643
2456755.40848379
2456755.40850115
2456755.40851851
2456755.40853588
2456755.40855324
2456755.40857060
2456755.40858796
2456755.40860532
2456755.40862268
2456755.40864004
2456755.40865740
2456755.40867476
2456755.40869212
2456755.40870949
2456755.40872685
2456755.40874421
2456755.40876157
2456755.40877893
2456755.40879629
2456755.40881365
2456755.40883101
2456755.40884838
2456755.40886574
2456755.40888310
2456755.40890046
2456755.40891782
2456755.40893518
2456755.40895254
2456755.40896990
2456755.40898726
2456755.40900463
2456755.40902199
2456755.40903935
2456755.40905671
2456755.40907407
2456755.40909143
2456755.40910879
2456755.40912615
2456755.40914351
2456755.40916087
2456755.40917824
2456755.40919560
2456755.40921296
2456755.40923032
2456755.40924768
2456755.40926504
2456755.40928240
2456755.40929976
2456755.40931713
2456755.40933449
2456755.40935185
2456755.40936921
2456755.40938657
2456755.41285879
2456755.41633101
2456755.41980324
2456755.42327546
2456755.42674768
2456755.43021990
2456755.43369212
2456755.43716435
2456755.44063657
2456755.44410879
2456755.44758101
2456755.45105324
2456755.45452546
2456755.45799768
2456755.46146990
2456755.46494212
2456755.46841435
2456755.47188657
2456755.47535879
2456755.47883101
2456755.48230324
2456755.48577546
2456755.48924768
2456755.49271990
2456755.49619212
2456755.49966435
2456755.50313657
2456755.50660879
2456755.51008101
2456755.51355324
2456755.51702546
2456755.52049768
2456755.52396990
2456755.52744212
2456755.53091435
2456755.53438657
2456755.53785879
2456755.54133101
2456755.54480324
2456755.54827546
2456755.55174768
2456755.55521990
2456755.55869212
2456755.56216435
2456755.56563657
2456755.56910879
2456755.57258101
2456755.57605324
2456755.57952546
2456755.58299768
2456755.58646990
2456755.58994212
2456755.59341435
2456755.59688657
2456755.60035879
2456755.60383101
2456755.60730324
2456755.61077546
2456755.61424768
2456755.61771990
2456755.62119212
2456755.62466435
2456755.62813657
2456755.63160879
2456755.63508101
2456755.63855324
2456755.64202546
2456755.64549768
2456755.64896990
2456755.65244212
2456755.65591435
2456755.65938657
2456755.66285879
2456755.66633101
2456755.66980324
2456755.67327546
2456755.67674768
2456755.68021990
2456755.68369212
2456755.68716435
2456755.69063657
2456755.69410879
2456755.69758101
2456755.70105324
2456755.70452546
2456755.70799768
2456755.71146990
2456755.71494212
2456755.71841435
2456755.72188657
2456755.72535879
2456755.72883101
2456755.73230324
2456755.73577546
2456755.73924768
2456755.74271990
2456755.74619212
2456755.74966435
2456755.75313657
2456755.75660879
2456755.76008101
2456755.76355324
2456755.76702546
2456755.77049768
2456755.77396990
2456755.77744212
2456755.78091435
2456755.78438657
2456755.78785879
2456755.79133101
2456755.79480324
2456755.79827546
2456755.80174768
2456755.80521990
2456755.80869212
2456755.81216435
2456755.81563657
2456755.81910879
2456755.82258101
2456755.82605324
2456755.82952546
2456755.83299768
2456755.83646990
2456755.83994212
2456755.84341435
2456755.84688657
2456755.85035879
2456755.85383101
2456755.85730324
2456755.86077546
2456755.86424768
2456755.86771990
2456755.87119212
2456755.87466435
2456755.87813657
2456755.88160879
2456755.88508101
2456755.88855324
2456755.89202546
2456755.89549768
2456755.89896990
2456755.90244212
2456755.90591435
2456755.90938657
2456755.91285879
2456755.91633101
2456755.91980324
2456755.92327546
2456755.92674768
2456755.93021990
2456755.93369212
2456755.93716435
2456755.94063657
2456755.94410879
2456755.94758101
2456755.95105324
2456755.95452546
2456755.95799768
2456755.96146990
2456755.96494212
2456755.96841435
2456755.97188657
2456755.97535879
2456755.97883101
2456755.98230324
2456755.98577546
2456755.98924768
2456755.99271990
2456755.99619212
2456755.99966435
2456756.00313657
2456756.00660879
2456756.01008101
2456756.01355324
2456756.01702546
2456756.02049768
2456756.02396990
2456756.02744212
2456756.03091435
2456756.03438657
2456756.03785879
2456756.04133101
2456756.04480324
2456756.04827546
2456756.05174768
2456756.05521990
2456756.05869212
2456756.06216435
2456756.06563657
2456756.06910879
2456756.07258101
2456756.07605324
2456756.07952546
2456756.08299768
2456756.08646990
2456756.08994212
2456756.09341435
2456756.09688657
2456756.10035879
2456756.10383101
2456756.10730324
2456756.11077546
2456756.11424768
2456756.11771990
2456756.12119212
2456756.12466435
2456756.12813657
2456756.13160879
2456756.13508101
2456756.13855324
2456756.14202546
2456756.14549768
2456756.14896990
2456756.15244212
2456756.15591435
2456756.15938657
2456756.16285879
2456756.16633101
2456756.16980324
2456756.17327546
2456756.17674768
2456756.18021990
2456756.18369212
2456756.18716435
2456756.19063657
2456756.19410879
2456756.19758101
2456756.20105324
2456756.20452546
2456756.20799768
2456756.21146990
2456756.21494212
2456756.21841435
2456756.22188657
2456756.22535879
2456756.22883101
2456756.23230324
2456756.23577546
2456756.23924768
2456756.24271990
2456756.24619212
2456756.24966435
2456756.25313657
2456756.25660879
2456756.26008101
2456756.26355324
2456756.26702546
2456756.27049768
2456756.27396990
2456756.27744212
2456756.28091435
2456756.28438657
2456756.28785879
2456756.29133101
2456756.29480324
2456756.29827546
2456756.30174768
2456756.30521990
2456756.30869212
2456756.31216435
2456756.31563657
2456756.31910879
2456756.32258101
2456756.32605324
2456756.32952546
2456756.33299768
2456756.33646990
2456756.33994212
2456756.34341435
2456756.34688657
2456756.35035879
2456756.35383101
2456756.35730324
2456756.36077546
2456756.36424768
2456756.36771990
2456756.37119212
2456756.37466435
2456756.37813657
2456756.38160879
2456756.38508101
2456756.38855324
2456756.39202546
2456756.39549768
2456756.39896990
2456756.40244212
2456756.40277199
2456756.40278935
2456756.40280671
2456756.40282407
2456756.40284143
2456756.40285879
2456756.40287615
2456756.40289351
2456756.40291087
2456756.40292824
2456756.40294560
2456756.40296296
2456756.40298032
2456756.40299768
2456756.40301504
2456756.40303240
2456756.40304976
2456756.40306712
2456756.40308449
2456756.40310185
2456756.40311921
2456756.40313657
2456756.40315393
2456756.40317129
2456756.40318865
2456756.40320601
2456756.40322337
2456756.40324074
2456756.40325810
2456756.40327546
2456756.40329282
2456756.40331018
2456756.40332754
2456756.40334490
2456756.40336226
2456756.40337962
2456756.40339699
2456756.40341435
2456756.40343171
2456756.40344907
2456756.40346643
2456756.40348379
2456756.40350115
2456756.40351851
2456756.40353587
2456756.40355324
2456756.40357060
2456756.40358796
2456756.40360532
2456756.40362268
2456756.40364004
2456756.40365740
2456756.40367476
2456756.40369212
2456756.40370949
2456756.40372685
2456756.40374421
2456756.40376157
2456756.40377893
2456756.40379629
2456756.40381365
2456756.40383101
2456756.40384837
2456756.40386574
2456756.40388310
2456756.40390046
2456756.40391782
2456756.40393518
2456756.40395254
2456756.40396990
2456756.40398726
2456756.40400462
2456756.40402199
2456756.40403935
2456756.40405671
2456756.40407407
2456756.40409143
2456756.40410879
2456756.40412615
2456756.40414351
2456756.40416087
2456756.40417824
2456756.40419560
2456756.40421296
2456756.40423032
2456756.40424768
2456756.40426504
2456756.40773726
2456756.41120949
2456756.41468171
2456756.41815393
2456756.42162615
2456756.42509837
2456756.42857060
2456756.43204282
2456756.43551504
2456756.43898726
2456756.44245949
2456756.44593171
2456756.44940393
2456756.45287615
2456756.45634837
2456756.45982060
2456756.46329282
2456756.46676504
2456756.47023726
2456756.47370949
2456756.47718171
2456756.48065393
2456756.48412615
2456756.48759837
2456756.49107060
2456756.49454282
2456756.49801504
2456756.50148726
2456756.50495949
2456756.50843171
2456756.51190393
2456756.51537615
2456756.51884837
2456756.52232060
2456756.52579282
2456756.52926504
2456756.53273726
2456756.53620949
2456756.53968171
2456756.54315393
2456756.54662615
2456756.55009837
2456756.55357060
2456756.55704282
2456756.56051504
2456756.56398726
2456756.56745949
2456756.57093171
2456756.57440393
2456756.57787615
2456756.58134837
2456756.58482060
2456756.58829282
2456756.59176504
2456756.59523726
2456756.59870949
2456756.60218171
2456756.60565393
2456756.60912615
2456756.61259837
2456756.61607060
2456756.61954282
2456756.62301504
2456756.62648726
2456756.62995949
2456756.63343171
2456756.63690393
2456756.64037615
2456756.64384837
2456756.64732060
2456756.65079282
2456756.65426504
2456756.65773726
2456756.66120949
2456756.66468171
2456756.66815393
2456756.67162615
2456756.67509837
2456756.67857060
2456756.68204282
2456756.68551504
2456756.68898726
2456756.69245949
2456756.69593171
2456756.69940393
2456756.70287615
2456756.70634837
2456756.70982060
2456756.71329282
2456756.71676504
2456756.72023726
2456756.72370949
2456756.72718171
2456756.73065393
2456756.73412615
2456756.73759837
2456756.74107060
2456756.74454282
2456756.74801504
2456756.75148726
2456756.75495949
2456756.75843171
2456756.76190393
2456756.76537615
2456756.76884837
2456756.77232060
2456756.77579282
2456756.77926504
2456756.78273726
2456756.78620949
2456756.78968171
2456756.79315393
2456756.79662615
2456756.80009837
2456756.80357060
2456756.80704282
2456756.81051504
2456756.81398726
2456756.81745949
2456756.82093171
2456756.82440393
2456756.82787615
2456756.83134837
2456756.83482060
2456756.83829282
2456756.84176504
2456756.84523726
2456756.84870949
2456756.85218171
2456756.85565393
2456756.85912615
2456756.86259837
2456756.86607060
2456756.86954282
2456756.87301504
2456756.87648726
2456756.87995949
2456756.88343171
2456756.88690393
2456756.89037615
2456756.89384837
2456756.89732060
2456756.90079282
2456756.90426504
2456756.90773726
2456756.91120949
2456756.91468171
2456756.91815393
2456756.92162615
2456756.92509837
2456756.92857060
2456756.93204282
2456756.93551504
2456756.93898726
2456756.94245949
2456756.94593171
2456756.94940393
2456756.95287615
2456756.95634837
2456756.95982060
2456756.96329282
2456756.96676504
2456756.97023726
2456756.97370949
2456756.97718171
2456756.98065393
2456756.98412615
2456756.98759837
2456756.99107060
2456756.99454282
2456756.99801504
2456757.00148726
2456757.00495949
2456757.00843171
2456757.01190393
2456757.01537615
2456757.01884837
2456757.02232060
2456757.02579282
2456757.02926504
2456757.03273726
2456757.03620949
2456757.03968171
2456757.04315393
2456757.04662615
2456757.05009837
2456757.05357060
2456757.05704282
2456757.06051504
2456757.06398726
2456757.06745949
2456757.07093171
2456757.07440393
2456757.07787615
2456757.08134837
2456757.08482060
2456757.08829282
2456757.09176504
2456757.09523726
2456757.09870949
2456757.10218171
2456757.10565393
2456757.10912615
2456757.11259837
2456757.11607060
2456757.11954282
2456757.12301504
2456757.12648726
2456757.12995949
2456757.13343171
2456757.13690393
2456757.14037615
2456757.14384837
2456757.14732060
2456757.15079282
2456757.15426504
2456757.15773726
2456757.16120949
2456757.16468171
2456757.16815393
2456757.17162615
2456757.17509837
2456757.17857060
2456757.18204282
2456757.18551504
2456757.18898726
2456757.19245949
2456757.19593171
2456757.19940393
2456757.20287615
2456757.20634837
2456757.20982060
2456757.21329282
2456757.21676504
2456757.22023726
2456757.22370949
2456757.22718171
2456757.23065393
2456757.23412615
2456757.23759837
2456757.24107060
2456757.24454282
2456757.24801504
2456757.25148726
2456757.25495949
2456757.25843171
2456757.26190393
2456757.26537615
2456757.26884837
2456757.27232060
2456757.27579282
2456757.27926504
2456757.28273726
2456757.28620949
2456757.28968171
2456757.29315393
2456757.29662615
2456757.30009837
2456757.30357060
2456757.30704282
2456757.31051504
2456757.31398726
2456757.31745949
2456757.32093171
2456757.32440393
2456757.32787615
2456757.33134837
2456757.33482060
2456757.33829282
2456757.34176504
2456757.34523726
2456757.34870949
2456757.35218171
2456757.35565393
2456757.35912615
2456757.36259837
2456757.36607060
2456757.36954282
2456757.37301504
2456757.37648726
2456757.37995949
2456757.38343171
2456757.38690393
2456757.39037615
2456757.39384837
2456757.39732060
2456757.40079282
2456757.40426504
2456757.40773726
2456757.41120949
2456757.41468171
2456757.41815393
2456757.42162615
2456757.42509837
2456757.42857060
2456757.43204282
2456757.43551504
2456757.43898726
2456757.44245949
2456757.44593171
2456757.44940393
2456757.45287615
2456757.45634837
2456757.45982060
2456757.46329282
2456757.46676504
2456757.47023726
2456757.47370949
2456757.47718171
2456757.48065393
2456757.48412615
2456757.48759837
2456757.49107060
2456757.49454282
2456757.49801504
2456757.50148726
2456757.50495949
2456757.50843171
2456757.51190393
2456757.51537615
2456757.51884837
2456757.52232060
2456757.52579282
2456757.52926504
2456757.53273726
2456757.53620949
2456757.53968171
2456757.54315393
2456757.54662615
2456757.55009837
2456757.55357060
2456757.55704282
2456757.56051504
2456757.56398726
2456757.56745949
2456757.57093171
2456757.57440393
2456757.57787615
2456757.58134837
2456757.58482060
2456757.58829282
2456757.59176504
2456757.59523726
2456757.59870949
2456757.60218171
2456757.60565393
2456757.60912615
2456757.61259837
2456757.61607060
2456757.61954282
2456757.62301504
2456757.62648726
2456757.62995949
2456757.63343171
2456757.63690393
2456757.64037615
2456757.64384837
2456757.64732060
2456757.65079282
2456757.65426504
2456757.65773726
2456757.66120949
2456757.66468171
2456757.66815393
2456757.67162615
2456757.67509837
2456757.67857060
2456757.68204282
2456757.68551504
2456757.68898726
2456757.69245949
2456757.69593171
2456757.69940393
2456757.70287615
2456757.70634837
2456757.70982060
2456757.71329282
2456757.71676504
2456757.72023726
2456757.72370949
2456757.72718171
2456757.73065393
2456757.73412615
2456757.73759837
2456757.74107060
2456757.74454282
2456757.74801504
2456757.75148726
2456757.75495949
2456757.75843171
2456757.76190393
2456757.76537615
2456757.76884837
2456757.77232060
2456757.77579282
2456757.77926504
2456757.78273726
2456757.78620949
2456757.78968171
2456757.79315393
2456757.79662615
2456757.80009837
2456757.80357060
2456757.80704282
2456757.81051504
2456757.81398726
2456757.81745949
2456757.82093171
2456757.82440393
2456757.82787615
2456757.83134837
2456757.83482060
2456757.83829282
2456757.84176504
2456757.84523726
2456757.84870949
2456757.85218171
2456757.85565393
2456757.85912615
2456757.86259837
2456757.86607060
2456757.86954282
2456757.87301504
2456757.87648726
2456757.87995949
2456757.88343171
2456757.88690393
2456757.89037615
2456757.89384837
2456757.89732060
2456757.90079282
2456757.90426504
2456757.90773726
2456757.91120949
2456757.91468171
2456757.91815393
2456757.92162615
2456757.92509837
2456757.92857060
2456757.93204282
2456757.93551504
2456757.93898726
2456757.94245949
2456757.94593171
2456757.94940393
2456757.95287615
2456757.95634837
2456757.95982060
2456757.96329282
2456757.96676504
2456757.97023726
2456757.97370949
2456757.97718171
2456757.98065393
2456757.98412615
2456757.98759837
2456757.99107060
2456757.99454282
2456757.99801504
2456758.00148726
2456758.00495949
2456758.00843171
2456758.01190393
2456758.01537615
2456758.01884837
2456758.02232060
2456758.02579282
2456758.02926504
2456758.03273726
2456758.03620949
2456758.03968171
2456758.04315393
2456758.04662615
2456758.05009837
2456758.05357060
2456758.05704282
2456758.06051504
2456758.06398726
2456758.06745949
2456758.07093171
2456758.07440393
2456758.07787615
2456758.08134837
2456758.08482060
2456758.08829282
2456758.09176504
2456758.09523726
2456758.09870949
2456758.10218171
2456758.10565393
2456758.10912615
2456758.11259837
2456758.11607060
2456758.11954282
2456758.12301504
2456758.12648726
2456758.12995949
2456758.13343171
2456758.13690393
2456758.14037615
2456758.14384837
2456758.14732060
2456758.15079282
2456758.15426504
2456758.15773726
2456758.16120949
2456758.16468171
2456758.16815393
2456758.17162615
2456758.17509837
2456758.17857060
2456758.18204282
2456758.18551504
2456758.18898726
2456758.19245949
2456758.19593171
2456758.19940393
2456758.20287615
2456758.20634837
2456758.20982060
2456758.21329282
2456758.21676504
2456758.22023726
2456758.22370949
2456758.22718171
2456758.23065393
2456758.23412615
2456758.23759837
2456758.24107060
2456758.24454282
2456758.24801504
2456758.25148726
2456758.25495949
2456758.25843171
2456758.26190393
2456758.26537615
2456758.26884837
2456758.27232060
2456758.27579282
2456758.27926504
2456758.28273726
2456758.28620949
2456758.28968171
2456758.29315393
2456758.29662615
2456758.30009837
2456758.30357060
2456758.30704282
2456758.31051504
2456758.31398726
2456758.31745949
2456758.32093171
2456758.32440393
2456758.32787615
2456758.33134837
2456758.33482060
2456758.33829282
2456758.34176504
2456758.34523726
2456758.34870949
2456758.35218171
2456758.35565393
2456758.35912615
2456758.36259837
2456758.36607060
2456758.36954282
2456758.37301504
2456758.37648726
2456758.37995949
2456758.38343171
2456758.38690393
2456758.39037615
2456758.39384837
2456758.39732060
2456758.40079282
2456758.40426504
2456758.40773726
2456758.41120949
2456758.41468171
2456758.41815393
2456758.42162615
2456758.42509837
2456758.42857060
2456758.43204282
2456758.43551504
2456758.43898726
2456758.44245949
2456758.44593171
2456758.44940393
2456758.45287615
2456758.45634837
2456758.45982060
2456758.46329282
2456758.46676504
2456758.47023726
2456758.47370949
2456758.47718171
2456758.48065393
2456758.48412615
2456758.48759837
2456758.49107060
2456758.49454282
2456758.49801504
2456758.50148726
2456758.50495949
2456758.50843171
2456758.51190393
2456758.51537615
2456758.51884837
2456758.52232060
2456758.52579282
2456758.52926504
2456758.53273726
2456758.53620949
2456758.53968171
2456758.54315393
2456758.54662615
2456758.55009837
2456758.55357060
2456758.55704282
2456758.56051504
2456758.56398726
2456758.56745949
2456758.57093171
2456758.57440393
2456758.57787615
2456758.58134837
2456758.58482060
2456758.58829282
2456758.59176504
2456758.59523726
2456758.59870949
2456758.60218171
2456758.60565393
2456758.60912615
2456758.61259837
2456758.61607060
2456758.61954282
2456758.62301504
2456758.62648726
2456758.62995949
2456758.63343171
2456758.63690393
2456758.64037615
2456758.64384837
2456758.64732060
2456758.65079282
2456758.65426504
2456758.65773726
2456758.66120949
2456758.66468171
2456758.66815393
2456758.67162615
2456758.67509837
2456758.67857060
2456758.68204282
2456758.68551504
2456758.68898726
2456758.69245949
2456758.69593171
2456758.69940393
2456758.70287615
2456758.70634837
2456758.70982060
2456758.71329282
2456758.71676504
2456758.72023726
2456758.72370949
2456758.72718171
2456758.73065393
2456758.73412615
2456758.73759837
2456758.74107060
2456758.74454282
2456758.74801504
2456758.75148726
2456758.75495949
2456758.75843171
2456758.76190393
2456758.76537615
2456758.76884837
2456758.77232060
2456758.77579282
2456758.77926504
2456758.78273726
2456758.78620949
2456758.78968171
2456758.79315393
2456758.79662615
2456758.80009837
2456758.80357060
2456758.80704282
2456758.81051504
2456758.81398726
2456758.81745949
2456758.82093171
2456758.82440393
2456758.82787615
2456758.83134837
2456758.83482060
2456758.83829282
2456758.84176504
2456758.84523726
2456758.84870949
2456758.85218171
2456758.85565393
2456758.85912615
2456758.86259837
2456758.86607060
2456758.86954282
2456758.87301504
2456758.87648726
2456758.87995949
2456758.88343171
2456758.88690393
2456758.89037615
2456758.89384837
2456758.89732060
2456758.90079282
2456758.90426504
2456758.90773726
2456758.91120949
2456758.91468171
2456758.91815393
2456758.92162615
2456758.92509837
2456758.92857060
2456758.93204282
2456758.93551504
2456758.93898726
2456758.94245949
2456758.94593171
2456758.94940393
2456758.95287615
2456758.95634837
2456758.95982060
2456758.96329282
2456758.96676504
2456758.97023726
2456758.97370949
2456758.97718171
2456758.98065393
2456758.98412615
2456758.98759837
2456758.99107060
2456758.99454282
2456758.99801504
2456759.00148726
2456759.00495949
2456759.00843171
2456759.01190393
2456759.01537615
2456759.01884837
2456759.02232060
2456759.02579282
2456759.02926504
2456759.03273726
2456759.03620949
2456759.03968171
2456759.04315393
2456759.04662615
2456759.05009837
2456759.05357060
2456759.05704282
2456759.06051504
2456759.06398726
2456759.06745949
2456759.07093171
2456759.07440393
2456759.07787615
2456759.08134837
2456759.08482060
2456759.08829282
2456759.09176504
2456759.09523726
2456759.09870949
2456759.10218171
2456759.10565393
2456759.10912615
2456759.11259837
2456759.11607060
2456759.11954282
2456759.12301504
2456759.12648726
2456759.12995949
2456759.13343171
2456759.13690393
2456759.14037615
2456759.14384837
2456759.14732060
2456759.15079282
2456759.15426504
2456759.15773726
2456759.16120949
2456759.16468171
2456759.16815393
2456759.17162615
2456759.17509837
2456759.17857060
2456759.18204282
2456759.18551504
2456759.18898726
2456759.19245949
2456759.19593171
2456759.19940393
2456759.20287615
2456759.20634837
2456759.20982060
2456759.21329282
2456759.21676504
2456759.22023726
2456759.22370949
2456759.22718171
2456759.23065393
2456759.23412615
2456759.23759837
2456759.24107060
2456759.24454282
2456759.24801504
2456759.25148726
2456759.25495949
2456759.25843171
2456759.26190393
2456759.26537615
2456759.26884837
2456759.27232060
2456759.27579282
2456759.27926504
2456759.28273726
2456759.28620949
2456759.28968171
2456759.29315393
2456759.29662615
2456759.30009837
2456759.30357060
2456759.30704282
2456759.31051504
2456759.31398726
2456759.31745949
2456759.32093171
2456759.32440393
2456759.32787615
2456759.33134837
2456759.33482060
2456759.33829282
2456759.34176504
2456759.34523726
2456759.34870949
2456759.35218171
2456759.35565393
2456759.35912615
2456759.36259837
2456759.36607060
2456759.36954282
2456759.37301504
2456759.37648726
2456759.37995949
2456759.38343171
2456759.38690393
2456759.39037615
2456759.39384837
2456759.39732060
2456759.40079282
2456759.40426504