-37604.987120
-37603.720030
-37602.115019
-37599.645622
-37597.485432
-37595.312997
-37592.848816
-37590.570785
-37588.512098
-37586.400566
-37584.036070
-37581.750894
-37579.605353
-37577.673903
-37575.664042
-37573.690835
-37571.538383
-37569.451947
-37567.356232
-37565.260374
-37563.151961
-37561.058686
-37558.966628
-37556.871730
-37554.793828
-37552.676933
-37550.602379
-37548.456641
-37546.349757
-37544.292858
-37542.179150
-37540.146695
-37538.073205
-37535.940924
-37533.949286
-37531.800828
-37529.521525
-37527.395212
-37525.174464
-37523.020900
-37520.902530
-37518.598180
-37516.304977
-37514.274894
-37512.051276
-37510.053395
-37508.023662
-37505.888996
-37503.777556
-37501.728142
-37499.674149
-37497.598447
-37495.595079
-37493.614192
-37491.615362
-37489.378678
-37487.191441
-37485.027507
-37483.025315
-37480.948352
-37478.695518
-37476.796349
-37474.812640
-37472.689942
-37470.437427
-37468.352938
-37466.216239
-37464.143552
-37461.942080
-37459.811030
-37457.641162
-37455.572310
-37453.582732
-37451.550470
-37449.422578
-37447.213653
-37444.971212
-37442.864089
-37440.614394
-37438.713453
-37436.813735
-37434.618737
-37432.438041
-37430.297964
-37428.100911
-37426.031809
-37423.722467
-36989.636708
-36537.867521
-36068.630879
-35582.151104
-35078.660760
-34558.400543
-34021.619166
-33468.573239
-32899.527146
-32314.752920
-31714.530115
-31099.145667
-30468.893761
-29824.075690
-29164.999710
-28491.980893
-27805.340976
-27105.408209
-26392.517196
-25667.008736
-24929.229661
-24179.532668
-23418.276154
-22645.824040
-21862.545602
-21068.815291
-20265.012554
-19451.521657
-18628.731496
-17797.035413
-16956.831009
-16108.519955
-15252.507795
-14389.203758
-13519.020560
-12642.374204
-11759.683786
-10871.371292
 -9977.861396
 -9079.581259
 -8176.960322
 -7270.430103
 -6360.423990
 -5447.377033
 -4531.725738
 -3613.907856
 -2694.362175
 -1773.528310
  -851.846493
    70.242637
   992.298248
  1913.879519
  2834.545858
  3753.857108
  4671.373760
  5586.657162
  6499.269727
  7408.775145
  8314.738593
  9216.726938
 10114.308947
 11007.055493
 11894.539760
 12776.337449
 13652.026977
 14521.189680
 15383.410016
 16238.275761
 17085.378204
 17924.312350
 18754.677104
 19576.075470
 20388.114738
 21190.406672
 21982.567695
 22764.219074
 23534.987100
 24294.503269
 25042.404452
 25778.333075
 26501.937290
 27212.871137
 27910.794717
 28595.374348
 29266.282729
 29923.199096
 30565.809372
 31193.806321
 31806.889694
 32404.766371
 32987.150502
 33553.763645
 34104.334897
 34638.601025
 35156.306590
 35657.204072
 36141.053987
 36607.625000
 37056.694038
 37488.046395
 37901.475834
 38296.784689
 38673.783956
 39032.293385
 39372.141566
 39693.166010
 39995.213228
 40278.138803
 40541.807461
 40786.093134
 41010.879020
 41216.057641
 41401.530893
 41567.210090
 41713.016014
 41838.878943
 41944.738694
 42030.544643
 42096.255758
 42141.840611
 42167.277396
 42172.553940
 42157.667710
 42122.625811
 42067.444983
 41992.151596
 41896.781635
 41781.380684
 41646.003903
 41490.716001
 41315.591208
 41120.713238
 40906.175247
 40672.079792
 40418.538781
 40145.673415
 39853.614139
 39542.500571
 39212.481441
 38863.714515
 38496.366525
 38110.613086
 37706.638613
 37284.636232
 36844.807689
 36387.363252
 35912.521612
 35420.509778
 34911.562969
 34385.924501
 33843.845669
 33285.585630
 32711.411279
 32121.597117
 31516.425126
 30896.184630
 30261.172158
 29611.691303
 28948.052574
 28270.573251
 27579.577234
 26875.394883
 26158.362865
 25428.823991
 24687.127052
 23933.626653
 23168.683045
 22392.661947
 21605.934380
 20808.876481
 20001.869329
 19185.298759
 18359.555182
 17525.033394
 16682.132388
 15831.255166
 14972.808543
 14107.202956
 13234.852263
 12356.173549
 11471.586927
 10581.515332
  9686.384326
  8786.621887
  7882.658211
  6974.925503
  6063.857769
  5149.890612
  4233.461021
  3315.007162
  2394.968171
  1473.783942
   551.894914
  -370.258132
 -1292.234292
 -2213.592745
 -3133.892966
 -4052.694935
 -4969.559350
 -5884.047833
 -6795.723144
 -7704.149388
 -8608.892224
 -9509.519071
-10405.599318
-11296.704528
-12182.408642
-13062.288186
-13935.922471
-14802.893794
-15662.787638
-16515.192873
-17359.701948
-18195.911091
-19023.420497
-19841.834522
-20650.761874
-21449.815796
-22238.614252
-23016.780114
-23783.941337
-24539.731138
-25283.788174
-26015.756712
-26735.286801
-27442.034439
-28135.661735
-28815.837075
-29482.235275
-30134.537744
-30772.432628
-31395.614965
-32003.786828
-32596.657468
-33173.943454
-33735.368809
-34280.665136
-34809.571756
-35321.835824
-35817.212455
-36295.464839
-36756.364354
-37199.690676
-37625.231884
-38032.784561
-38422.153892
-38793.153755
-39145.606814
-39479.344598
-39794.207587
-40090.045284
-40366.716289
-40624.088368
-40862.038510
-41080.452994
-41279.227436
-41458.266845
-41617.485663
-41756.807809
-41876.166714
-41975.505353
-42054.776272
-42113.941612
-42152.973124
-42171.852186
-42170.569809
-42149.126642
-42107.532972
-42045.808720
-41963.983428
-41862.096249
-41740.195925
-41598.340765
-41436.598616
-41255.046834
-41053.772240
-40832.871080
-40592.448985
-40332.620918
-40053.511120
-39755.253047
-39437.989309
-39101.871603
-38747.060640
-38373.726061
-37982.046359
-37768.204067
-37766.241124
-37764.214009
-37762.156202
-37760.039971
-37757.919799
-37338.408595
-36921.162185
-36918.817239
-36916.300759
-36914.799158
-36912.770945
-36910.613626
-36908.291267
-36906.005058
-36903.778290
-36901.474343
-36899.334458
-36897.090783
-36894.825940
-36892.551422
-36890.296086
-36888.129764
-36885.935996
-36883.743709
-36881.487377
-36879.261407
-36877.023014
-36874.737672
-36872.442592
-36870.146027
-36867.908576
-36865.666347
-36863.426324
-36861.207177
-36858.926712
-36856.673060
-36854.420138
-36852.210843
-36849.982409
-36847.770612
-36845.519533
-36843.280874
-36841.031402
-36838.789850
-36836.569211
-36834.293750
-36832.046355
-36829.795599
-36827.559682
-36825.294946
-36823.065502
-36820.805152
-36818.555950
-36816.331558
-36814.084182
-36811.837021
-36809.603726
-36807.348291
-36805.109873
-36802.863189
-36800.599365
-36798.372476
-36796.109953
-36793.852342
-36791.604650
-36789.362444
-36787.107268
-36784.873323
-36325.285199
-35848.324094
-35354.218118
-34843.203578
-34315.524862
-33771.434321
-33211.192153
-32635.066277
-32043.332202
-31436.272900
-30814.178668
-30177.346994
-29526.082406
-28860.696338
-28181.506972
-27488.839092
-26783.023926
-26064.398989
-25333.307924
-24590.100333
-23835.131615
-23068.762795
-22291.360351
-21503.296038
-20704.946716
-19896.694163
-19078.924897
-18252.029991
-17416.404887
-16572.449204
-15720.566554
-14861.164340
-13994.653569
-13121.448655
-12241.967217
-11356.629883
-10465.860089
 -9570.083874
 -8669.729683
 -7765.228154
 -6857.011919
 -5945.515393
 -5031.174569
 -4114.426811
 -3195.710640
 -2275.465530
 -1354.131695
  -432.149878
   490.038857
  1411.993338
  2333.272493
  3253.435567
  4172.042325
  5088.653268
  6002.829841
  6914.134642
  7822.131634
  8726.386352
  9626.466108
 10521.940205
 11412.380134
 12297.359789
 13176.455661
 14049.247050
 14915.316259
 15774.248797
 16625.633580
 17469.063124
 18304.133739
 19130.445729
 19947.603576
 20755.216135
 21552.896818
 22340.263780
 23116.940105
 23882.553981
 24636.738884
 25379.133749
 26109.383146
 26827.137450
 27532.053008
 28223.792305
 28902.024124
 29566.423705
 30216.672905
 30852.460344
 31473.481560
 32079.439153
 32670.042926
 33245.010028
 33804.065087
 34346.940343
 34873.375777
 35383.119236
 35875.926552
 36351.561664
 36809.796725
 37250.412217
 37673.197055
 38077.948685
 38464.473188
 38832.585366
 39182.108837
 39512.876116
 39824.728697
 40117.517131
 40391.101093
 40645.349455
 40880.140346
 41095.361211
 41290.908867
 41466.689550
 41622.618963
 41758.622313
 41874.634351
 41970.599402
 42046.471391
 42102.213867
 42137.800019
 42153.212689
 42148.444383
 42123.497272
 42078.383193
 42013.123641
 41927.749762
 41822.302337
 41696.831760
 41551.398020
 41386.070665
 41200.928774
 40996.060919
 40771.565119
 40527.548796
 40264.128725
 39981.430973
 39679.590843
 39358.752810
 39019.070445
 38660.706350
 38283.832075
 37888.628036
 37475.283432
 37043.996149
 36594.972668
 36128.427969
 35644.585421
 35143.676682
 34625.941581
 34091.628011
 33540.991802
 32974.296604
 32391.813758
 31793.822166
 31180.608160
 30552.465360
 29909.694537
 29252.603465
 28581.506779
 27896.725818
 27198.588477
 26487.429042
 25763.588037
 25027.412059
 24279.253606
 23519.470917
 22748.427792
 21966.493426
 21174.042221
 20371.453618
 19559.111906
 18737.406043
 17906.729468
 17067.479910
 16220.059203
 15364.873086
 14502.331015
 13632.845962
 12756.834220
 11874.715202
 10986.911239
 10093.847382
  9195.951190
  8293.652534
  7387.383387
  6477.577613
  5564.670767
  4649.099881
  3731.303254
  2811.720246
  1890.791065
   968.956554
    46.657984
  -875.663160
 -1797.565390
 -2718.607427
 -3638.348412
 -4556.348115
 -5472.167150
 -6385.367182
 -7295.511141
 -8202.163426
 -9104.890117
-10003.259181
-10896.840681
-11785.206981
-12667.932950
-13544.596165
-14414.777114
-15278.059399
-16134.029931
-16982.279131
-17822.401123
-18653.993932
-19476.659673
-20290.004744
-21093.640009
-21887.180994
-22670.248059
-23442.466589
-24203.467167
-24952.885754
-25690.363864
-26415.548729
-27128.093476
-27827.657286
-28513.905561
-29186.510081
-29845.149163
-30489.507814
-31119.277880
-31734.158195
-32333.854724
-32918.080704
-33486.556777
-34039.011131
-34575.179623
-35094.805906
-35597.641554
-36083.446179
-36551.987545
-37003.041679
-37436.392977
-37851.834310
-38249.167118
-38628.201508
-38988.756343
-39330.659328
-39653.747093
-39957.865270
-40242.868565
-40508.620833
-40754.995132
-40981.873795
-41189.148477
-41376.720211
-41544.499455
-41692.406130
-41820.369664
-41928.329021
-42016.232732
-42084.038916
-42131.715305
-42159.239254
-42166.597756
-42153.787442
-42120.814588
-42067.695110
-41994.454554
-41901.128086
-41787.760472
-41654.406061
-41501.128753
-41328.001975
-41135.108638
-40922.541103
-40690.401132
-40438.799840
-40167.857647
-39877.704217
-39568.478396
-39240.328150
-38893.410489
-38527.891392
-38143.945723
-37741.757155
-37321.518079
-37277.792838
-37275.596692
-37273.453102
-37271.287622
-37269.136245
-37266.996849
-37264.841716
-37262.686182
-37260.503271
-37258.340171
-37256.187203
-37254.036871
-37251.884885
-37249.708289
-37247.542696
-37245.399118
-37243.233087
-37241.067753
-37238.899194
-37236.747380
-37234.590711
-37232.422246
-37230.259102
-37228.099459
-37225.931632
-37223.785832
-37221.623614
-37219.462399
-37217.293961
-37215.121954
-37212.963492
-37210.793861
-37208.607372
-37206.434351
-37204.236578
-37202.084276
-37199.912092
-37197.737304
-37195.592874
-37193.428458
-37191.265689
-37189.072151
-37186.896749
-37184.712008
-37182.543846
-37180.340132
-37178.172547
-37175.973046
-37173.827317
-37171.670451
-37169.481815
-37167.305249
-37165.109418
-37162.909875
-37160.752366
-37158.565617
-37156.362694
-37154.184981
-37152.030665
-37149.845111
-37147.677210
-37145.476272
-37143.309451
-37141.123729
-37138.927348
-37136.719836
-37134.541309
-37132.360525
-37130.188511
-37127.997506
-37125.822463
-37123.630655
-37121.438413
-37119.237979
-37117.076856
-37114.894443
-37112.696506
-37110.497406
-37108.310595
-37106.125998
-37103.934867
-37101.750459
-37099.578381
-37097.389449
-37095.190369
-37093.007043
-37090.830721
-36643.340593
-36178.325382
-35696.007500
-35196.617632
-34680.394622
-34147.585356
-33598.444651
-33033.235125
-32452.227079
-31855.698365
-31243.934251
-30617.227290
-29975.877177
-29320.190605
-28650.481123
-27967.068982
-27270.280986
-26560.450332
-25837.916454
-25103.024861
-24356.126971
-23597.579945
-22827.746513
-22046.994806
-21255.698177
-20454.235024
-19642.988610
-18822.346877
-17992.702266
-17154.451527
-16307.995529
-15453.739070
-14592.090683
-13723.462443
-12848.269768
-11966.931222
-11079.868315
-10187.505301
 -9290.268977
 -8388.588480
 -7482.895078
 -6573.621968
 -5661.204069
 -4746.077813
 -3828.680934
 -2909.452266
 -1988.831527
 -1067.259111
  -145.175879
   776.977055
  1698.758529
  2619.727551
  3539.443506
  4457.466364
  5373.356895
  6286.676879
  7196.989311
  8103.858614
  9006.850846
  9905.533909
 10799.477751
 11688.254579
 12571.439057
 13448.608516
 14319.343148
 15183.226217
 16039.844249
 16888.787237
 17729.648833
 18562.026547
 19385.521933
 20199.740789
 21004.293337
 21798.794416
 22582.863663
 23356.125698
 24118.210302
 24868.752596
 25607.393215
 26333.778480
 27047.560569
 27748.397683
 28435.954211
 29109.900889
 29769.914961
 30415.680331
 31046.887716
 31663.234796
 32264.426357
 32850.174433
 33420.198446
 33974.225339
 34511.989708
 35033.233932
 35537.708290
 36025.171089
 36495.388775
 36948.136047
 37383.195968
 37800.360061
 38199.428422
 38580.209803
 38942.521714
 39286.190506
 39611.051455
 39916.948844
 40203.736034
 40471.275537
 40719.439083
 40948.107679
 41157.171670
 41346.530789
 41516.094206
 41665.780574
 41795.518064
 41905.244403
 41994.906906
 42064.462494
 42113.877725
 42143.128801
 42152.201586
 42141.091610
 42109.804071
 42058.353835
 41986.765428
 41895.073023
 41783.320426
 41651.561054
 41499.857908
 41328.283546
 41136.920047
 40925.858970
 40695.201313
 40445.057464
 40175.547145
 39886.799359
 39578.952326
 39252.153417
 38906.559082
 38542.334779
 38159.654889
 37758.702638
 37339.670004
 36902.757630
 36448.174723
 35976.138955
 35486.876363
 34980.621233
 34457.615994
 33918.111098
 33362.364900
 32790.643537
 32203.220796
 31600.377987
 30982.403805
 30349.594193
 29702.252197
 29040.687825
 28365.217896
 27676.165888
 26973.861783
 26258.641908
 25530.848775
 24790.830915
 24038.942713
 23275.544236
 22501.001059
 21715.684096
 20919.969413
 20114.238055
 19298.875860
 18474.273273
 17640.825162
 16798.930626
 15948.992803
 15091.418680
 14226.618894
 13355.007538
 12477.001961
 11593.022569
 10703.492621
  9808.838029
  8909.487152
  8005.870590
  7098.420981
  6187.572791
  5273.762104
  4357.426417
  3439.004428
  2518.935826
  1597.661081
   675.621232
  -246.742324
 -1168.988044
 -2090.674449
 -3011.360335
 -3930.604989
 -4847.968394
 -5763.011445
 -6675.296155
 -7584.385867
 -8489.845464
 -9391.241574
-10288.142782
-11180.119832
-12066.745836
-12947.596477
-13822.250212
-14690.288472
-15551.295867
-16404.860380
-17250.573567
-18088.030751
-18916.831217
-19736.578401
-20546.880084
-21347.348574
-22137.600897
-22917.258978
-23685.949818
-24443.305679
-25188.964256
-25922.568849
-26643.768537
-27352.218343
-28047.579399
-28729.519110
-29397.711311
-30051.836423
-30691.581607
-31316.640910
-31926.715414
-32521.513381
-33100.750386
-33664.149457
-34211.441206
-34742.363959
-35256.663878
-35754.095085
-36234.419776
-36697.408337
-37142.839454
-37570.500216
-37980.186216
-38371.701654
-38744.859422
-39099.481199
-39435.397534
-39752.447927
-40050.480904
-40329.354091
-40588.934281
-40829.097496
-41049.729046
-41250.723587
-41431.985165
-41593.427268
-41734.972861
-41856.554425
-41958.113990
-42039.603161
-42100.983141
-42142.224749
-42163.308432
-42164.224278
-42144.972017
-42105.561021
-42046.010301
-41966.348495
-41866.613858
-41746.854238
-41607.127057
-41447.499281
-41268.047391
-41068.857342
-40850.024522
-40611.653710
-40353.859022
-40076.763854
-39780.500827
-39465.211728
-39131.047438
-38778.167861
-38406.741839
-38016.947079
-37608.970065
-37183.005973
-36739.258572
-36277.940131
-35799.271314
-35303.481080
-34790.806567
-34261.492984
-33715.793491
-33153.969078
-32576.288444
-31983.027863
-31374.471056
-30750.909057
-30112.640069
-29459.969325
-28793.208944
-28112.677777
-27418.701259
-26711.611253
-25991.745892
-25259.449414
-24515.072003
-23758.969619
-22991.503830
-22213.041635
-21423.955296
-20624.622154
-19815.424454
-18996.749159
-18168.987766
-17332.536122
-16487.794232
-15635.166069
-14775.059383
-13907.885504
-13034.059147
-12153.998214
-11268.123595
-10376.858966
 -9480.630589
 -8579.867106
 -7674.999335
 -6766.460067
 -5854.683854
 -4940.106808
 -4023.166389
 -3104.301196
 -2183.950759
 -1262.555327
  -340.555662
   581.607178
  1503.492041
  2424.657903
  3344.664067
  4263.070383
  5179.437452
  6093.326840
  7004.301286
  7911.924909
  8815.763422
  9715.384334
 10610.357160
 11500.253627
 12384.647875
 13263.116666
 14135.239585
 15000.599239
 15858.781459
 16709.375498
 17551.974226
 18386.174327
 19211.576493
 20027.785613
 20834.410961
 21631.066388
 22417.370504
 23192.946860
 23957.424132
 24710.436295
 25451.622801
 26180.628752
 26897.105068
 27600.708658
 28291.102581
 28967.956211
 29630.945394
 30279.752603
 30914.067093
 31533.585046
 32138.009722
 32727.051598
 33300.428508
 33857.865781
 34399.096367
 34923.860973
 35431.908182
 35922.994577
 36396.884856
 36853.351946
 37292.177114
 37713.150068
 38116.069065
 38500.741000
 38866.981505
 39214.615035
 39543.474956
 39853.403618
 40144.252441
 40415.881976
 40668.161981
 40900.971481
 41114.198822
 41307.741732
 41481.507365
 41635.412350
 41769.382826
 41883.354484
 41977.272594
 42051.092030
 42104.777299
 42138.302550
 42151.651591
 42144.817899
 42117.804618
 42070.624561
 42003.300203
 41915.863673
 41808.356734
 41680.830766
 41533.346743
 41365.975201
 41178.796205
 40971.899312
 40745.383525
 40499.357251
 40233.938242
 39949.253546
 39645.439441
 39322.641369
 38981.013871
 38620.720509
 38241.933790
 37844.835080
 37429.614520
 36996.470934
 36545.611733
 36077.252814
 35591.618460
 35088.941230
 34569.461849
 34033.429088
 33481.099651
 32912.738047
 32328.616465
 31729.014643
 31114.219734
 30484.526167
 29840.235508
 29181.656312
 28509.103978
 27822.900597
 27123.374795
 26410.861578
 25685.702171
 24948.243852
 24198.839787
 23437.848863
 22665.635509
 21882.569530
 21089.025922
 20285.384695
 19472.030693
 18649.353405
 17817.746782
 16977.609045
 16129.342497
 15273.353326
 14410.051416
 13539.850144
 12663.166187
 11780.419320
 10892.032214
  9998.430235
  9100.041239
  8197.295368
  7290.624842
  6380.463753
  5467.247858
  4551.414369
  3633.401742
  2713.649471
  1792.597871
   870.687876
   -51.639181
  -973.941775
 -1895.778401
 -2816.707785
 -3736.289096
 -4654.082158
 -5569.647661
 -6482.547367
 -7392.344327
 -8298.603083
 -9200.889882
-10098.772881
-10991.822354
-11879.610898
-12761.713636
-13637.708426
-14507.176054
-15369.700442
-16224.868845
-17072.272046
-17911.504556
-18742.164804
-19563.855332
-20376.182984
-21178.759092
-21971.199668
-22753.125579
-23524.162735
-24283.942267
-25032.100700
-25768.280128
-26492.128388
-27203.299226
-27901.452461
-28586.254150
-29257.376747
-29914.499259
-30557.307400
-31185.493739
-31798.757850
-32396.806454
-32979.353559
-33546.120594
-34096.836548
-34631.238094
-35149.069716
-35650.083833
-36134.040913
-36600.709593
-37049.866782
-37481.297775
-37894.796350
-38290.164868
-38667.214368
-39025.764654
-39365.644386
-39686.691156
-39988.751569
-40271.681315
-40535.345237
-40779.617396
-41004.381129
-41209.529107
-41394.963386
-41560.595450
-41706.346257
-41832.146273
-41937.935508
-42023.663541
-42089.289546
-42134.782312
-42160.120255
-42165.291428
-42150.293530
-42115.133901
-42059.829524
-41984.407011
-41888.902597
-41773.362113
-41637.840973
-41482.404141
-41307.126102
-41112.090826
-40897.391726
-40663.131618
-40409.422664
-40136.386325
-39844.153299
-39532.863458
-39202.665784
-38853.718295
-38486.187973
-38100.250676
-37696.091064
-37273.902501
-36833.886972
-36376.254978
-35901.225440
-35409.025593
-34899.890878
-34374.064828
-33831.798955
-33273.352626
-32698.992940
-32108.994602
-31503.639790
-30883.218023
-30248.026020
-29598.367558
-28934.553329
-28256.900793
-27565.734020
-26861.383544
-26144.186199
-25414.484961
-24672.628782
-23918.972428
-23153.876304
-22377.706286
-21590.833547
-20793.634375
-19986.490000
-19169.786407
-18343.914154
-17509.268187
-16666.247647
-15815.255685
-14956.699267
-14090.988980
-13218.538836
-12339.766075
-11455.090966
-10564.936605
 -9669.728716
 -8769.895444
 -7865.867156
 -6958.076229
 -6046.956849
 -5132.944803
 -4216.477266
 -3297.992600
 -2377.930139
 -1456.729982
  -534.832782
   387.320466
  1309.288632
  2230.630664
  3150.905801
  4069.673776
  4986.495037
  5900.930947
  6812.544001
  7720.898029
  8625.558411
  9526.092278
 10422.068726
 11313.059016
 12198.636782
 13078.378234
 13951.862363
 14818.671139
 15678.389713
 16530.606616
 17374.913955
 18210.907608
 19038.187419
 19856.357388
 20665.025863
 21463.805725
 22252.314574
 23030.174915
 23797.014335
 24552.465684
 25296.167251
 26027.762937
 26746.902427
 27453.241353
 28146.441468
 28826.170801
 29492.103818
 30143.921583
 30781.311904
 31403.969487
 32011.596083
 32603.900630
 33180.599394
 33741.416101
 34286.082079
 34814.336378
 35325.925900
 35820.605519
 36298.138203
 36758.295122
 37200.855761
 37625.608029
 38032.348355
 38420.881793
 38791.022109
 39142.591876
 39475.422558
 39789.354590
 40084.237455
 40359.929761
 40616.299301
 40853.223125
 41070.587594
 41268.288439
 41446.230806
 41604.329308
 41742.508061
 41860.700725
 41958.850533
 42036.910322
 42094.842550
 42132.619321
 42150.222395
 42147.643198
 42124.882826
 42081.952044
 42018.871283
 41935.670629
 41832.389809
 41709.078171
 41565.794664
 41402.607806
 41219.595652
 41016.845760
 40794.455144
 40552.530231
 40291.186809
 40010.549972
 39710.754058
 39391.942589
 39054.268197
 38697.892553
 38322.986290
 37929.728921
 37518.308752
 37088.922792
 36641.776659
 36177.084479
 35695.068788
 35195.960418
 34679.998394
 34147.429813
 33598.509729
 33033.501029
 32452.674307
 31856.307733
 31244.686924
 30618.104800
 29976.861448
 29321.263977
 28651.626369
 27968.269333
 27271.520144
 26561.712490
 25839.186312
 25104.287642
 24357.368431
 23598.786387
 22828.904800
 22048.092368
 21256.723019
 20455.175734
 19643.834365
 18823.087447
 17993.328017
 17154.953421
 16308.365126
 15453.968526
 14592.172751
 13723.390465
 12848.037671
 11966.533515
 11079.300079
 10186.762181
  9289.347175
  8387.484739
  7481.606675
  6572.146702
  5659.540241
  4744.224217
  3826.636840
  2907.217402
  1986.406062
  1064.643638
   142.371394
  -779.969171
 -1701.936532
 -2623.089355
 -3542.986701
 -4461.188244
 -5377.254477
 -6290.746927
 -7201.228358
 -8108.262989
 -9011.416695
 -9910.257219
-10804.354377
-11693.280268
-12576.609470
-13453.919254
-14324.789779
-15188.804294
-16045.549341
-16894.614950
-17735.594834
-18568.086586
-19391.691870
-20206.016612
-21010.671186
-21805.270607
-22589.434706
-23362.788320
-24124.961465
-24875.589518
-25614.313386
-26340.779685
-27054.640899
-27755.555556
-28443.188384
-29117.210476
-29777.299442
-30423.139570
-31054.421969
-31670.844724
-32272.113033
-32857.939354
-33428.043539
-33982.152967
-34520.002678
-35041.335495
-35545.902149
-36033.461400
-36503.780146
-36956.633541
-37391.805098
-37809.086794
-38208.279168
-38589.191416
-38951.641485
-39295.456156
-39620.471126
-39926.531093
-40213.489820
-40481.210213
-40729.564381
-40958.433699
-41167.708866
-41357.289952
-41527.086450
-41677.017317
-41807.011013
-41917.005535
-42006.948445
-42076.796896
-42126.517651
-42156.087100
-42165.491270
-42154.725832
-42123.796102
-42072.717037
-42001.513231
-41910.218900
-41798.877866
-41667.543536
-41516.278876
-41345.156379
-41154.258036
-40943.675287
-40713.508986
-40463.869346
-40194.875892
-39906.657397
-39599.351827
-39273.106268
-38928.076862
-38564.428727
-38182.335882
-37781.981159
-37363.556121
-36927.260966
-36473.304432
-36001.903701