-19099.518012
-19104.197522
-19108.644260
-19112.489097
-19116.549256
-19120.600894
-19124.445974
-19128.421657
-19132.554004
-19136.648515
-19140.558722
-19144.525394
-19148.594240
-19152.824803
-19156.997086
-19161.199761
-19165.260134
-19169.374339
-19173.481096
-19177.587818
-19181.681125
-19185.792059
-19189.910874
-19194.009390
-19198.111974
-19202.214806
-19206.327282
-19210.415389
-19214.517641
-19218.641743
-19222.740192
-19226.877212
-19230.995526
-19235.083935
-19239.244698
-19243.323828
-19247.332976
-19251.423898
-19255.462857
-19259.538648
-19263.633678
-19267.625199
-19271.622188
-19275.766213
-19279.801989
-19283.964591
-19288.109394
-19292.194851
-19296.293601
-19300.427102
-19304.558212
-19308.677408
-19312.837933
-19317.011344
-19321.174524
-19325.201619
-19329.256726
-19333.325240
-19337.486919
-19341.605894
-19345.623637
-19349.844747
-19354.017353
-19358.109976
-19362.127330
-19366.241929
-19370.326626
-19374.448466
-19378.495774
-19382.583719
-19386.649483
-19390.773126
-19394.942308
-19399.087361
-19403.176965
-19407.220275
-19411.244261
-19415.346610
-19419.366040
-19423.587165
-19427.809152
-19431.860401
-19435.920176
-19440.003217
-19444.053016
-19448.177048
-19452.162270
-20265.711734
-21069.572996
-21863.361763
-22646.698559
-23419.208903
-24180.523488
-24930.278359
-25668.115089
-26393.680945
-27106.629059
-27806.618596
-28493.314916
-29166.389730
-29825.521262
-30470.394401
-31100.700851
-31716.139279
-32316.415458
-32901.242410
-33470.340540
-34023.437775
-34560.269686
-35080.579622
-35584.118828
-36070.646568
-36539.930235
-36991.745467
-37425.876251
-37842.115028
-38240.262793
-38620.129186
-38981.532590
-39324.300210
-39648.268164
-39953.281553
-40239.194541
-40505.870423
-40753.181689
-40981.010088
-41189.246681
-41377.791898
-41546.555579
-41695.457023
-41824.425024
-41933.397906
-42022.323551
-42091.159427
-42139.872604
-42168.439773
-42176.847259
-42165.091021
-42133.176662
-42081.119418
-42008.944159
-41916.685371
-41804.387144
-41672.103146
-41519.896603
-41347.840264
-41156.016369
-40944.516610
-40713.442083
-40462.903247
-40193.019864
-39903.920946
-39595.744692
-39268.638424
-38922.758511
-38558.270300
-38175.348037
-37774.174777
-37354.942306
-36917.851040
-36463.109938
-35990.936394
-35501.556139
-34995.203130
-34472.119440
-33932.555140
-33376.768182
-32805.024272
-32217.596750
-31614.766449
-30996.821571
-30364.057542
-29716.776875
-29055.289021
-28379.910228
-27690.963382
-26988.777857
-26273.689357
-25546.039756
-24806.176932
-24054.454604
-23291.232160
-22516.874487
-21731.751795
-20936.239444
-20130.717757
-19315.571846
-18491.191423
-17657.970616
-16816.307780
-15966.605304
-15109.269424
-14244.710024
-13373.340442
-12495.577272
-11611.840165
-10722.551628
 -9828.136825
 -8929.023366
 -8025.641112
 -7118.421964
 -6207.799656
 -5294.209551
 -4378.088431
 -3459.874288
 -2540.006115
 -1618.923696
  -697.067396
   225.122049
  1147.203745
  2068.736848
  2989.280775
  3908.395417
  4825.641348
  5740.580034
  6652.774043
  7561.787257
  8467.185076
  9368.534629
 10265.404979
 11157.367332
 12043.995238
 12924.864797
 13799.554861
 14667.647237
 15528.726886
 16382.382119
 17228.204798
 18065.790527
 18894.738850
 19714.653437
 20525.142279
 21325.817870
 22116.297398
 22896.202922
 23665.161558
 24422.805655
 25168.772968
 25902.706837
 26624.256355
 27333.076532
 28028.828466
 28711.179501
 29379.803389
 30034.380443
 30674.597692
 31300.149030
 31910.735361
 32506.064746
 33085.852538
 33649.821521
 34197.702041
 34729.232136
 35244.157663
 35742.232414
 36223.218240
 36686.885161
 37133.011479
 37561.383880
 37971.797540
 38364.056220
 38737.972363
 39093.367180
 39430.070740
 39747.922047
 40046.769119
 40326.469060
 40586.888130
 40827.901809
 41049.394854
 41251.261355
 41433.404787
 41595.738058
 41738.183544
 41860.673134
 41963.148258
 42045.559914
 42107.868698
 42150.044813
 42172.068094
 42173.928008
 42155.623666
 42117.163821
 42058.566863
 41979.860810
 41881.083297
 41762.281556
 41623.512394
 41464.842166
 41286.346744
 41088.111478
 40870.231158
 40632.809968
 40375.961436
 40099.808378
 39804.482842
 39490.126043
 39156.888298
 38804.928949
 38434.416292
 38045.527495
 37638.448510
 37213.373989
 36770.507188
 36310.059870
 35832.252204
 35337.312660
 34825.477899
 34296.992659
 33752.109642
 33191.089388
 32614.200152
 32021.717777
 31413.925562
 30791.114124
 30153.581261
 29501.631810
 28835.577499
 28155.736800
 27462.434776
 26756.002925
 26036.779020
 25305.106953
 24561.336562
 23805.823471
 23038.928918
 22261.019578
 21472.467395
 20673.649397
 19864.947519
 19046.748423
 18219.443305
 17383.427719
 16539.101377
 15686.867964
 14827.134945
 13960.313369
 13086.817669
 12207.065470
 11321.477385
 10430.476816
  9534.489751
  8633.944559
  7729.271786
  6820.903951
  5909.275336
  4994.821781
  4077.980474
  3159.189743
  2238.888846
  1317.517762
   395.516977
  -526.672721
 -1448.610456
 -2369.855476
 -3289.967360
 -4208.506230
 -5125.032965
 -6039.109403
 -6950.298558
 -7858.164826
 -8762.274190
 -9662.194433
-10557.495340
-11447.748906
-12332.529540
-13211.414270
-14083.982943
-14949.818427
-15808.506809
-16659.637595
-17502.803903
-18337.602660
-18758.122357
-18762.218893
-18766.341279
-18770.473549
-18774.613367
-18778.748496
-19599.931066
-20377.236113
-20381.203416
-20385.070836
-20389.531828
-20393.684011
-20397.761163
-20401.743697
-20405.747233
-20409.784766
-20413.779028
-20417.863672
-20421.891813
-20425.908751
-20429.921197
-20433.943849
-20438.010339
-20442.062519
-20446.114963
-20450.137896
-20454.174631
-20458.205467
-20462.217412
-20466.226736
-20470.236021
-20474.267235
-20478.296882
-20482.327157
-20486.363622
-20490.381830
-20494.408307
-20498.435202
-20502.471657
-20506.503623
-20510.538273
-20514.564986
-20518.594938
-20522.623502
-20526.652012
-20530.681592
-20534.706359
-20538.733460
-20542.760026
-20546.786924
-20550.812482
-20554.838473
-20558.864916
-20562.891186
-20566.915786
-20570.940958
-20574.966605
-20578.990609
-20583.014664
-20587.038692
-20591.063206
-20595.088203
-20599.110229
-20603.134132
-20607.157386
-20611.178808
-20615.200208
-20619.222399
-20623.241539
-21422.640935
-22211.794666
-22990.325317
-23757.860551
-24514.033288
-25258.481876
-25990.850268
-26710.788188
-27417.951303
-28112.001383
-28792.606464
-29459.441007
-30112.186055
-30750.529382
-31374.165643
-31982.796522
-32576.130872
-33153.884857
-33715.782084
-34261.553738
-34790.938709
-35303.683718
-35799.543436
-36278.280605
-36739.666147
-37183.479277
-37609.507608
-38017.547251
-38407.402915
-38778.887997
-39131.824677
-39466.043997
-39781.385948
-40077.699540
-40354.842880
-40612.683240
-40851.097115
-41069.970289
-41269.197887
-41448.684425
-41608.343857
-41748.099616
-41867.884651
-41967.641461
-42047.322121
-42106.888304
-42146.311303
-42165.572044
-42164.661096
-42143.578673
-42102.334639
-42040.948499
-41959.449395
-41857.876088
-41736.276942
-41594.709904
-41433.242470
-41251.951660
-41050.923979
-40830.255373
-40590.051191
-40330.426128
-40051.504172
-39753.418550
-39436.311658
-39100.334999
-38745.649106
-38372.423469
-37980.836455
-37571.075220
-37143.335621
-36697.822125
-36234.747709
-35754.333758
-35256.809962
-34742.414205
-34211.392452
-33663.998630
-33100.494509
-32521.149577
-31926.240909
-31316.053038
-30690.877815
-30051.014275
-29396.768488
-28728.453418
-28046.388770
-27350.900840
-26642.322356
-25920.992321
-25187.255849
-24441.464003
-23683.973625
-22915.147165
-22135.352507
-21344.962797
-20544.356259
-19733.916019
-18914.029915
-18085.090320
-17247.493947
-16401.641663
-15547.938295
-14686.792437
-13818.616254
-12943.825285
-12062.838244
-11176.076818
-10283.965468
 -9386.931223
 -8485.403476
 -7579.813777
 -6670.595629
 -5758.184281
 -4843.016513
 -3925.530434
 -3006.165268
 -2085.361143
 -1163.558886
  -241.199801
   681.274532
  1603.422474
  2524.802539
  3444.973603
  4363.495118
  5279.927322
  6193.831450
  7104.769944
  8012.306664
  8916.007094
  9815.438557
 10710.170414
 11599.774276
 12483.824208
 13361.896935
 14233.572041
 15098.432173
 15956.063242
 16806.054619
 17647.999335
 18481.494274
 19306.140367
 20121.542781
 20927.311114
 21723.059575
 22508.407176
 23282.977909
 24046.400929
 24798.310732
 25538.347327
 26266.156415
 26981.389553
 27683.704321
 28372.764491
 29048.240183
 29709.808027
 30357.151316
 30989.960157
 31607.931620
 32210.769887
 32798.186385
 33369.899936
 33925.636879
 34465.131212
 34988.124712
 35494.367064
 35983.615976
 36455.637299
 36910.205135
 37347.101951
 37766.118677
 38167.054810
 38549.718507
 38913.926681
 39259.505083
 39586.288392
 39894.120287
 40182.853525
 40452.350015
 40702.480876
 40933.126505
 41144.176633
 41335.530374
 41507.096278
 41658.792370
 41790.546193
 41902.294840
 41993.984985
 42065.572906
 42117.024511
 42148.315346
 42159.430614
 42150.365179
 42121.123566
 42071.719960
 42002.178202
 41912.531772
 41802.823776
 41673.106924
 41523.443504
 41353.905353
 41164.573823
 40955.539737
 40726.903350
 40478.774301
 40211.271554
 39924.523348
 39618.667132
 39293.849498
 38950.226110
 38587.961633
 38207.229649
 37808.212577
 37391.101584
 36956.096492
 36503.405684
 36033.246002
 35545.842645
 35041.429059
 34520.246826
 33982.545546
 33428.582719
 32858.623624
 32272.941184
 31671.815843
 31055.535427
 30424.395009
 29778.696763
 29118.749824
 28444.870135
 27757.380300
 27056.609428
 26342.892972
 25616.572573
 24877.995893
 24127.516451
 23365.493450
 22592.291609
 21808.280985
 21013.836798
 20209.339251
 19395.173346
 18571.728703
 17739.399371
 16898.583637
 16049.683844
 15193.106189
 14329.260532
 13458.560204
 12581.421802
 11698.264996
 10809.512323
  9915.588991
  9016.922669
  8113.943287
  7207.082830
  6296.775130
  5383.455659
  4467.561322
  3549.530246
  2629.801573
  1708.815250
   787.011815
  -135.167808
 -1057.282523
 -1978.891272
 -2899.553245
 -3818.828092
 -4736.276132
 -5651.458564
 -6563.937676
 -7473.277052
 -8379.041785
 -9280.798680
-10178.116465
-11070.565992
-11957.720445
-12839.155543
-13714.449745
-14583.184448
-15444.944188
-16299.316842
-17145.893816
-17984.270246
-18814.045190
-19634.821820
-19717.712722
-19721.863304
-19725.917455
-19730.008484
-19734.075809
-19738.125057
-19742.195893
-19746.266952
-19750.369348
-19754.448042
-19758.516262
-19762.580995
-19766.647415
-19770.732635
-19774.807651
-19778.869177
-19782.942857
-19787.016787
-19791.091492
-19795.157084
-19799.225223
-19803.298347
-19807.368735
-19811.436898
-19815.508140
-19819.571153
-19823.639482
-19827.706776
-19831.776752
-19835.847672
-19839.914092
-19843.982935
-19848.056037
-19852.124886
-19856.199842
-19860.263887
-19864.331508
-19868.400007
-19872.460536
-19876.525729
-19880.589869
-19884.660079
-19888.726460
-19892.792943
-19896.857686
-19900.928852
-19904.993397
-19909.062671
-19913.120903
-19917.181298
-19921.247458
-19925.311718
-19929.378154
-19933.446602
-19937.505436
-19941.570226
-19945.637746
-19949.699147
-19953.757440
-19957.820346
-19961.880395
-19965.944867
-19970.003802
-19974.065728
-19978.129219
-19982.194458
-19986.253502
-19990.312765
-19994.370145
-19998.430630
-20002.486899
-20006.546991
-20010.606986
-20014.667823
-20018.721226
-20022.779852
-20026.839585
-20030.900017
-20034.956696
-20039.013258
-20043.070112
-20047.125387
-20051.177723
-20055.233839
-20059.291036
-20063.345862
-20067.398818
-20873.625806
-21669.869522
-22455.749170
-23230.888905
-23994.918020
-24747.471116
-25488.188281
-26216.715256
-26932.703611
-27635.810908
-28325.700862
-29002.043507
-29664.515349
-30312.799520
-30946.585936
-31565.571436
-32169.459933
-32757.962553
-33330.797774
-33887.691560
-34428.377490
-34952.596889
-35460.098950
-35950.640853
-36423.987880
-36879.913533
-37318.199635
-37738.636439
-38141.022727
-38525.165906
-38890.882101
-39237.996242
-39566.342149
-39875.762612
-40166.109465
-40437.243656
-40689.035318
-40921.363828
-41134.117866
-41327.195466
-41500.504071
-41653.960571
-41787.491349
-41901.032312
-41994.528924
-42067.936233
-42121.218891
-42154.351175
-42167.316995
-42160.109907
-42132.733111
-42085.199457
-42017.531434
-41929.761160
-41821.930369
-41694.090394
-41546.302136
-41378.636043
-41191.172071
-40983.999649
-40757.217639
-40510.934283
-40245.267159
-39960.343119
-39656.298233
-39333.277725
-38991.435899
-38630.936072
-38251.950491
-37854.660255
-37439.255227
-37005.933943
-36554.903522
-36086.379559
-35600.586032
-35097.755188
-34578.127434
-34041.951226
-33489.482947
-32920.986784
-32336.734604
-31737.005825
-31122.087281
-30492.273084
-29847.864486
-29189.169735
-28516.503925
-27830.188848
-27130.552840
-26417.930623
-25692.663146
-24955.097420
-24205.586354
-23444.488589
-22672.168317
-21888.995118
-21095.343776
-20291.594102
-19478.130750
-18655.343038
-17823.624757
-16983.373981
-16134.992883
-15278.887537
-14415.467723
-13545.146735
-12668.341181
-11785.470781
-10896.958168
-10003.228686
 -9104.710187
 -8201.832821
 -7295.028836
 -6384.732367
 -5471.379228
 -4555.406704
 -3637.253344
 -2717.358744
 -1796.163342
  -874.108206
    48.365181
   970.815129
  1892.799954
  2813.878190
  3733.608803
  4651.551396
  5567.266427
  6480.315420
  7390.261167
  8296.667948
  9199.101733
 10097.130394
 10990.323911
 11878.254576
 12760.497203
 13636.629328
 14506.231412
 15368.887046
 16224.183146
 17071.710152
 17911.062228
 18741.837452
 19563.638012
 20376.070396
 21178.745580
 21971.279214
 22753.291809
 23524.408915
 24284.261307
 25032.485152
 25768.722195
 26492.619920
 27203.831728
 27902.017098
 28586.841749
 29257.977806
 29915.103952
 30557.905584
 31186.074963
 31799.311364
 32397.321214
 32979.818242
 33546.523605
 34097.166033
 34631.481948
 35149.215598
 35650.119178
 36133.952946
 36600.485339
 37049.493084
 37480.761307
 37894.083631
 38289.262280
 38666.108168
 39024.440995
 39364.089331
 39684.890694
 39986.691636
 40269.347807
 40532.724032
 40776.694369
 41001.142175
 41205.960155
 41391.050421
 41556.324531
 41701.703536
 41827.118015
 41932.508111
 42017.823554
 42083.023692
 42128.077503
 42152.963614
 42157.670310
 42142.195539
 42106.546912
 42050.741699
 41974.806823
 41878.778844
 41762.703940
 41626.637888
 41470.646036
 41294.803270
 41099.193977
 40883.912007
 40649.060628
 40394.752470
 40121.109479
 39828.262853
 39516.352981
 39185.529373
 38835.950590
 38467.784169
 38081.206540
 37676.402940
 37253.567328
 36812.902289
 36354.618936
 35878.936812
 35386.083781
 34876.295919
 34349.817403
 33806.900393
 33247.804907
 32672.798702
 32082.157143
 31476.163070
 30855.106662
 30219.285300
 29569.003425
 28904.572387
 28226.310300
 27534.541890
 26829.598336
 26111.817113
 25381.541831
 24639.122069
 23884.913209
 23119.276264
 22342.577705
 21555.189287
 20757.487872
 19949.855243
 19132.677928
 18306.347012
 17471.257946
 16627.810366
 15776.407893
 14917.457946
 14051.371546
 13178.563115
 12299.450282
 11414.453685
 10523.996762
  9628.505558
  8728.408513
  7824.136263
  6916.121431
  6004.798420
  5090.603208
  4173.973138
  3255.346706
  2335.163358
  1413.863273
   491.887157
  -430.323967
 -1352.328975
 -2273.686845
 -3193.956875
 -4112.698889
 -5029.473449
 -5943.842063
 -6855.367399
 -7763.613488
 -8668.145935
 -9568.532128
-10464.341440
-11355.145441
-12240.518095
-13120.035968
-13993.278430
-14859.827856
-15719.269824
-16571.193316
-17415.190907
-18250.858967
-19077.797847
-19895.612076
-20703.910545
-21502.306697
-22290.418708
-23067.869673
-23834.287782
-24589.306501
-25332.564744
-26063.707047
-26782.383737
-27488.251100
-28180.971542
-28860.213754
-29525.652868
-30176.970610
-30813.855457
-31436.002782
-32043.114999
-32634.901709
-33211.079833
-33771.373753
-34315.515439
-34843.244578
-35354.308703
-35848.463305
-36325.471958
-36785.106427
-37227.146779
-37651.381489
-38057.607539
-38445.630515
-38815.264703
-39166.333176
-39498.667878
-39812.109705
-40106.508583
-40381.723536
-40637.622758
-40874.083674
-41090.993000
-41288.246794
-41465.750512
-41623.419047
-41761.176775
-41878.957591
-41976.704937
-42054.371834
-42111.920903
-42149.324383
-42166.564145
-42163.631701
-42140.528211
-42097.264479
-42033.860951
-41950.347703
-41846.764432
-41723.160433
-41579.594578
-41416.135288
-41232.860501
-41029.857636
-40807.223550
-40565.064493
-40303.496059
-40022.643130
-39722.639818
-39403.629399
-39065.764248
-38709.205765
-38334.124299
-37940.699066
-37529.118067
-37099.577992
-36652.284136
-36187.450292
-35705.298656
-35206.059715
-34689.972145
-34157.282689
-33608.246047
-33043.124749
-32462.189031
-31865.716708
-31253.993041
-30627.310598
-29985.969119
-29330.275369
-28660.542992
-27977.092364
-27280.250438
-26570.350585
-25847.732440
-25112.741737
-24365.730142
-23607.055089
-22837.079604
-22056.172136
-21264.706377
-20463.061086
-19651.619906
-18830.771180
-18000.907769
-17162.426857
-16315.729767
-15461.221765
-14599.311869
-13730.412649
-12854.940033
-11973.313107
-11085.953912
-10193.287244
 -9295.740449
 -8393.743221
 -7487.727389
 -6578.126720
 -5665.376703
 -4749.914342
 -3832.177949
 -2912.606931
 -1991.641583
 -1069.722870
  -147.292223
   775.208678
  1697.338113
  2618.654536
  3538.716783
  4457.084290
  5373.317298
  6286.977068
  7197.626090
  8104.828292
  9008.149251
  9907.156402
 10801.419243
 11690.509543
 12574.001548
 13451.472182
 14322.501256
 15186.671664
 16043.569587
 16892.784686
 17733.910307
 18566.543670
 19390.286062
 20204.743033
 21009.524580
 21804.245339
 22588.524763
 23361.987313
 24124.262631
 24874.985722
 25613.797126
 26340.343091
 27054.275746
 27755.253262
 28442.940020
 29117.006772
 29777.130795
 30422.996050
 31054.293330
 31670.720412
 32271.982196
 32857.790853
 33427.865957
 33981.934625
 34519.731641
 35040.999589
 35545.488973
 36032.958337
 36503.174381
 36955.912072
 37390.954752
 37808.094242
 38207.130941
 38587.873922
 38950.141020
 39293.758927
 39618.563264
 39924.398670
 40211.118869
 40478.586741
 40726.674391
 40955.263207
 41164.243916
 41353.516638
 41522.990932
 41672.585841
 41802.229929
 41911.861313
 42001.427696
 42070.886392
 42120.204340
 42149.358127
 42158.333994
 42147.127846
 42115.745249
 42064.201431
 41992.521271
 41900.739291
 41788.899636
 41657.056052
 41505.271861
 41333.619933
 41142.182645
 40931.051847
 40700.328812
 40450.124193
 40180.557966
 39891.759372
 39583.866856
 39257.028001
 38911.399457
 38547.146861
 38164.444766
 37763.476548
 37344.434325
 36907.518860
 36452.939467
 35980.913910
 35491.668297
 34985.436974
 34462.462410
 33922.995083
 33367.293358
 32795.623362
 32208.258861
 31605.481123
 30987.578786
 30354.847720
 29707.590883
 29046.118179
 28370.746306
 27681.798606
 26979.604910
 26264.501378
 25536.830341
 24796.940135
 24045.184936
 23281.924585
 22507.524423
 21722.355111
 20926.792455
 20121.217222
 19306.014965
 18481.575829
 17648.294374
 16806.569379
 15956.803651
 15099.403840
 14234.780234
 13363.346571
 12485.519835
 11601.720062
 10712.370132
  9817.895575
  8918.724362
  8015.286700
  7108.014830
  6197.342816
  5283.706342
  4367.542500
  3449.289581
  2529.386869
  1608.274426
   686.392889
  -235.816751
 -1157.913349
 -2079.455825
 -3000.003369
 -3919.115657
 -4836.353056
 -5751.276838
 -6663.449387
 -7572.434409
 -8477.797142
 -9379.104562
-10275.925587
-11167.831289
-12054.395093
-12935.192987
-13809.803716
-14677.808989
-15538.793680
-16392.346022
-17238.057803
-18075.524566
-18904.345798
-19724.125121
-20534.470483
-21334.994345
-22125.313864
-22905.051077
-23673.833082
-24431.292216
-25177.066228
-25910.798453
-26632.137986
-27340.739842
-28036.265128
-28718.381200
-29386.761822
-30041.087325
-30681.044756
-31306.328030
-31916.638074
-32511.682969
-33091.178093
-33654.846254
-34202.417824
-34733.630865
-35248.231257
-35745.972818
-36226.617422
-36689.935112
-37135.704210
-37563.711424
-37973.751951
-38365.629569
-38739.156739
-39094.154689
-39430.453500
-39747.892191
-40046.318792
-40325.590419
-40585.573341
-40826.143047
-41047.184301
-41248.591203
-41430.267235
-41592.125309
-41734.087812
-41856.086637
-41958.063223
-42039.968579
-42101.763307
-42143.417626
-42164.911382
-42166.234061
-42147.384792
-42108.372350
-42049.215151
-41969.941246
-41870.588305
-41751.203601
-41611.843988
-41452.575874
-41273.475191
-41074.627357
-40856.127239
-40618.079105
-40360.596576
-40083.802572
-39787.829255
-39472.817966
-39138.919157
-38786.292320
-38415.105911
-38025.537271
-37617.772543
-37192.006580
-36748.442854
-36287.293360
-35808.778516
-35313.127055
-34800.575919
-34271.370143
-33725.762743
-33164.014591
-32586.394293
-31993.178061
-31384.649579
-30761.099870
-30122.827157
-29470.136720
-28803.340749
-28122.758198
-27428.714631
-26721.542065
-26001.578814
-25269.169326
-24524.664018
-23768.419110
-23000.796451
-22222.163353
-21432.892406
-20633.361309
-19823.952682
-19005.053887
-18177.056840
-17340.357827
-16495.357309
-15642.459736
-14782.073348
-13914.609983
-13040.484879
-12160.116474
-11273.926206
-10382.338311
 -9485.779620
 -8584.679354
 -7679.468919
 -6770.581696
 -5858.452838
 -4943.519059
 -4026.218423
 -3106.990137
 -2186.274337
 -1264.511880
  -342.144131
   580.387251
  1502.640519
  2424.174056
  3344.546584
  4263.317375
  5180.046466
  6094.294865
  7005.624768
  7913.599761
  8817.785039
  9717.747606
 10613.056487
 11503.282937
 12388.000641
 13266.785922
 14139.217946
 15004.878921
 15863.354296
 16714.232967
 17557.107464
 18391.574158
 19217.233443
 20033.689938
 20840.552669
 21637.435262
 22423.956124
 23199.738629
 23964.411299
 24717.607978
 25458.968012
 26188.136421
 26904.764066
 27608.507822
 28299.030737
 28976.002198
 29639.098085
 30288.000930
 30922.400067
 31541.991782
 32146.479459
 32735.573720
 33308.992564
 33866.461505
 34407.713699
 34932.490074
 35440.539455
 35931.618684
 36405.492732
 36861.934818
 37300.726512
 37721.657844
 38124.527401
 38509.142423
 38875.318897
 39222.881648
 39551.664413
 39861.509931
 40152.270011
 40423.805606
 40675.986879
 40908.693262
 41121.813519
 41315.245794
 41488.897659
 41642.686165
 41776.537871
 41890.388889
 41984.184906
 42057.881216
 42111.442736
 42144.844025
 42158.069297
 42151.112426
 42123.976948
 42076.676061
 42009.232618
 41921.679116
 41814.057676
 41686.420029
 41538.827487
 41371.350912
 41184.070685
 40977.076665
 40750.468148
 40504.353816
 40238.851685
 39954.089052
 39650.202428
 39327.337477
 38985.648943
 38625.300578
 38246.465061
 37849.323915
 37434.067423
 37000.894533
 36550.012764
 36081.638105
 35595.994914
 35093.315809
 34573.841554
 34037.820948
 33485.510700
 32917.175314
 32333.086951
 31733.525311
 31118.777487
 30489.137836
 29844.907835
 29186.395934
 28513.917412
 27827.794223
 27128.354846
 26415.934120
 25690.873092
 24953.518848
 24204.224349
 23443.348261
 22671.254783
 21888.313474
 21094.899076
 20291.391332
 19478.174807
 18655.638703
 17824.176670
 16984.186624
 16136.070549
 15280.234309
 14417.087455
 13547.043024
 12670.517346
 11787.929841
 10899.702822
 10006.261292
  9108.032738
  8205.446928
  7298.935709
  6388.932794
  5475.873559
  4560.194835
  3642.334696
  2722.732252
  1801.827438
   880.060805
   -42.126692
  -964.293905
 -1885.999703
 -2806.803182
 -3726.263877
 -4643.941974
 -5559.398516
 -6472.195616
 -7381.896665
 -8288.066543
 -9190.271821
-10088.080974
-10981.064586
-11868.795552
-12750.849284
-13626.803915
-14496.240498
-15358.743207
-16213.899537
-17061.300498
-17900.540814
-18731.219112
-19552.938118
-20365.304842
-21167.930771
-21960.432051