349.910889
349.820665
349.791684
349.729998
349.673345
349.638096
349.574989
349.507332
349.445074
349.402016
349.348068
349.274577
349.211660
349.146710
349.068363
348.997125
348.931146
348.872332
348.808202
348.727609
348.640887
348.579276
348.501772
348.451484
348.385025
348.326538
348.261352
348.207429
348.151820
348.093534
348.016026
347.965108
347.908812
347.834729
347.769667
347.715220
347.668968
347.600534
347.548233
347.493834
347.438321
347.366814
347.292310
347.243634
347.170821
347.099835
347.038706
346.975154
346.885051
346.800909
346.740399
346.666601
346.588053
346.514193
346.461188
346.390759
346.325478
346.248597
346.187795
346.139899
346.055722
345.978362
345.916287
345.853213
345.782438
345.724213
345.667361
345.619131
345.556577
345.506324
345.432027
345.332605
345.258343
345.189655
345.143183
345.100369
345.050550
344.996920
344.909196
344.827736
344.775360
344.725213
344.661281
344.594032
344.519995
344.467372
331.331379
318.036881
304.590229
290.997846
277.266228
263.401934
249.411589
235.301877
221.079540
206.751373
192.324223
177.804983
163.200591
148.518025
133.764302
118.946471
104.071613
89.146837
74.179274
59.176078
44.144417
29.091476
14.024449
-1.049465
-16.123060
-31.189133
-46.240483
-61.269917
-76.270252
-91.234317
106.154962
121.025053
135.837484
150.585175
165.261076
179.858172
194.369487
208.788082
223.107066
237.319594
251.418872
265.398159
279.250773
292.970091
306.549555
319.982673
333.263022
346.384252
359.340092
372.124345
384.730900
397.153729
409.386893
421.424541
433.260917
444.890363
456.307316
467.506318
478.482012
489.229150
499.742592
510.017310
520.048390
529.831035
539.360564
548.632422
557.642171
566.385503
574.858235
583.056314
590.975818
598.612958
605.964079
613.025665
619.794337
626.266856
632.440123
638.311185
643.877232
649.135598
654.083767
658.719369
663.040185
667.044146
670.729332
674.093980
677.136476
679.855362
682.249334
684.317244
686.058099
687.471063
688.555455
689.310754
689.736594
689.832766
689.599222
689.036068
688.143568
686.922146
685.372380
683.495007
681.290920
678.761168
675.906956
672.729644
669.230746
665.411931
661.275018
656.821982
652.054947
646.976186
641.588124
635.893331
629.894524
623.594569
616.996470
610.103379
602.918585
595.445519
587.687749
579.648979
571.333047
562.743924
553.885713
544.762642
535.379070
525.739477
515.848468
505.710765
495.331213
484.714768
473.866501
462.791594
451.495338
439.983128
428.260465
416.332948
404.206274
391.886239
379.378727
366.689713
353.825261
340.791517
327.594707
314.241138
300.737189
287.089313
273.304031
259.387929
245.347658
231.189927
216.921500
202.549196
188.079883
173.520475
158.877929
144.159245
129.371454
114.521625
-99.616853
-84.664263
-69.671000
-54.644230
-39.591135
-24.518909
-9.434756
5.654115
20.740492
35.817163
50.876924
65.912575
80.916930
95.882817
110.803082
125.670593
140.478243
155.218955
169.885682
184.471412
198.969173
213.372035
227.673112
241.865567
255.942617
269.897530
283.723635
297.414323
310.963048
324.363332
337.608769
350.693026
363.609847
376.353057
388.916561
401.294354
413.480517
425.469223
437.254740
448.831431
460.193762
471.336299
482.253714
492.940785
503.392403
513.603570
523.569401
533.285131
542.746113
551.947823
560.885859
569.555947
577.953939
586.075819
593.917702
601.475837
608.746608
615.726538
622.412286
628.800654
634.888587
640.673171
646.151637
651.321366
656.179882
660.724860
664.954125
668.865653
672.457570
675.728157
678.675848
681.299230
683.597047
685.568197
687.211735
688.526872
689.512977
690.169576
690.496351
690.493143
690.159951
689.496930
688.504395
687.182818
685.532826
683.555205
681.250898
678.621003
675.666773
672.389619
668.791103
664.872942
660.637005
656.085316
651.220045
646.043517
640.558201
634.766716
628.671829
622.276448
615.583629
608.596566
601.318597
593.753197
585.903979
577.774692
569.369219
560.691574
551.745902
542.536476
533.067694
523.344081
513.370279
503.151055
492.691288
481.995977
471.070231
459.919269
448.548419
436.963113
425.168885
413.171371
400.976300
388.589499
376.016887
363.264468
357.072084
356.997157
356.924679
356.839001
356.766273
356.677045
343.802692
331.328099
331.260521
331.226874
331.095709
331.000706
330.922209
330.856998
330.789065
330.742377
330.661991
330.602888
330.545572
330.474224
330.409829
330.354780
330.286454
330.207856
330.135555
330.071278
330.011504
329.935612
329.872153
329.819423
329.753942
329.689720
329.626226
329.561043
329.493801
329.423174
329.362208
329.304379
329.232544
329.166091
329.094762
329.017867
328.974577
328.938131
328.877996
328.796375
328.735641
328.670274
328.604385
328.529603
328.457800
328.376011
328.323738
328.267007
328.186173
328.119638
328.065800
327.996249
327.916309
327.857387
327.804225
327.741762
327.685641
327.612099
327.539274
327.457755
327.390663
327.318053
327.242008
314.018427
300.644601
287.126920
273.471846
259.685906
245.775690
231.747846
217.609080
203.366151
189.025866
174.595081
160.080694
145.489642
130.828902
116.105481
101.326418
86.498779
71.629651
56.726144
41.795383
26.844505
11.880660
-3.088999
-18.057315
-33.017129
-47.961291
-62.882653
-77.774080
-92.628453
107.438668
122.197642
136.898317
151.533663
166.096681
180.580405
194.977909
209.282306
223.486754
237.584460
251.568678
265.432720
279.169955
292.773809
306.237774
319.555410
332.720344
345.726277
358.566985
371.236326
383.728236
396.036736
408.155937
420.080037
431.803331
443.320207
454.625151
465.712753
476.577705
487.214804
497.618958
507.785186
517.708620
527.384508
536.808215
545.975230
554.881160
563.521741
571.892833
579.990425
587.810639
595.349726
602.604075
609.570208
616.244787
622.624612
628.706625
634.487909
639.965692
645.137346
650.000391
654.552494
658.791469
662.715282
666.322048
669.610036
672.577666
675.223510
677.546296
679.544906
681.218376
682.565900
683.586826
684.280658
684.647058
684.685844
684.396991
683.780631
682.837052
681.566699
679.970173
678.048234
675.801793
673.231921
670.339840
667.126928
663.594718
659.744895
655.579293
651.099903
646.308861
641.208455
635.801121
630.089442
624.076145
617.764105
611.156336
604.255996
597.066384
589.590935
581.833224
573.796958
565.485980
556.904262
548.055910
538.945153
529.576348
519.953977
510.082640
499.967060
489.612075
479.022636
468.203811
457.160774
445.898808
434.423301
422.739742
410.853722
398.770926
386.497137
374.038226
361.400155
348.588971
335.610804
322.471864
309.178438
295.736888
282.153645
268.435211
254.588148
240.619085
226.534706
212.341752
198.047014
183.657334
169.179598
154.620736
139.987714
125.287536
110.527238
-95.713883
-80.854561
-65.956384
-51.026482
-36.072000
-21.100097
-6.117936
8.867310
23.848471
38.818376
53.769860
68.695768
83.588957
98.442297
113.248681
128.001023
142.692261
157.315365
171.863336
186.329213
200.706071
214.987030
229.165256
243.233964
257.186420
271.015948
284.715929
298.279807
311.701091
324.973359
338.090259
351.045514
363.832925
376.446373
388.879822
401.127323
413.183014
425.041129
436.695992
448.142027
459.373757
470.385810
481.172914
491.729911
502.051748
512.133488
521.970307
531.557500
540.890479
549.964780
558.776062
567.320111
575.592838
583.590287
591.308632
598.744181
605.893378
612.752804
619.319178
625.589359
631.560349
637.229292
642.593477
647.650338
652.397459
656.832569
660.953548
664.758424
668.245380
671.412749
674.259015
676.782820
678.982956
680.858372
682.408173
683.631618
684.528124
685.097261
685.338760
685.252505
684.838538
684.097060
683.028425
681.633145
679.911889
677.865480
675.494899
672.801279
669.785909
666.450233
662.795847
658.824497
654.538086
649.938662
645.028426
639.809726
634.285058
628.457065
622.328534
615.902396
609.181724
602.169731
594.869771
587.285335
579.420049
571.277674
562.862103
554.177361
545.227599
536.017096
526.550257
516.831608
506.865794
496.657581
486.211850
475.533593
464.627916
453.500034
442.155266
430.599036
418.836870
406.874388
394.717310
382.371447
369.842700
357.137059
344.260598
342.971931
342.894070
342.834842
342.770270
342.740798
342.698993
342.612098
342.538245
342.471081
342.413043
342.365177
342.290882
342.222689
342.163749
342.082136
342.025980
341.940658
341.882607
341.817007
341.742639
341.678819
341.617804
341.554983
341.482259
341.419260
341.349755
341.280677
341.205881
341.144348
341.088126
341.026015
340.959809
340.896016
340.825639
340.764143
340.709791
340.640453
340.584256
340.511121
340.447161
340.376056
340.304340
340.236935
340.143075
340.086122
340.021329
339.972153
339.903878
339.827849
339.757447
339.688076
339.632924
339.556666
339.510217
339.437465
339.379589
339.323992
339.247963
339.195244
339.130679
339.076901
339.004820
338.945543
338.885800
338.828045
338.770677
338.698811
338.631223
338.561090
338.493159
338.404999
338.340672
338.277171
338.209119
338.136684
338.095831
338.032782
337.984250
337.913828
337.851961
337.780948
337.709724
337.627677
337.567147
337.502294
337.447099
337.385625
324.237170
310.933623
297.481343
283.886761
270.156375
256.296749
242.314509
228.216338
214.008977
199.699217
185.293899
170.799909
156.224176
141.573669
126.855391
112.076379
97.243698
82.364440
67.445718
52.494665
37.518428
22.524169
7.519057
-7.489735
-22.495031
-37.489654
-52.466436
-67.418214
-82.337841
-97.218180
112.052116
126.832556
141.552430
156.204700
170.782357
185.278431
199.685986
213.998134
228.208027
242.308868
256.293913
270.156473
283.889914
297.487667
310.943227
324.250157
337.402088
350.392730
363.215865
375.865357
388.335154
400.619288
412.711880
424.607142
436.299382
447.783002
459.052505
470.102498
480.927689
491.522897
501.883048
512.003183
521.878454
531.504133
540.875611
549.988399
558.838131
567.420570
575.731604
583.767250
591.523659
598.997115
606.184035
613.080975
619.684631
625.991835
631.999564
637.704937
643.105219
648.197819
652.980294
657.450349
661.605840
665.444770
668.965297
672.165730
675.044531
677.600316
679.831855
681.738075
683.318056
684.571036
685.496409
686.093727
686.362697
686.303183
685.915210
685.198955
684.154756
682.783108
681.084659
679.060218
676.710748
674.037368
671.041351
667.724126
664.087277
660.132537
655.861795
651.277090
646.380612
641.174700
635.661840
629.844667
623.725961
617.308647
610.595791
603.590604
596.296434
588.716769
580.855234
572.715589
564.301725
555.617668
546.667571
537.455715
527.986508
518.264479
508.294279
498.080679
487.628566
476.942939
466.028913
454.891711
443.536660
431.969196
420.194853
408.219267
396.048170
383.687385
371.142828
358.420504
345.526502
332.466993
319.248228
305.876534
292.358311
278.700029
264.908227
250.989505
236.950527
222.798012
208.538735
194.179521
179.727244
165.188822
150.571215
135.881418
121.126465
106.313418
-91.449367
-76.541429
-61.596740
-46.622453
-31.625736
-16.613768
-1.593735
13.427174
28.441768
43.442859
58.423268
73.375824
88.293369
103.168764
117.994887
132.764642
147.470959
162.106801
176.665160
191.139069
205.521601
219.805872
233.985044
248.052331
262.001002
275.824379
289.515848
303.068855
316.476915
329.733610
342.832597
355.767607
368.532451
381.121019
393.527287
405.745320
417.769269
429.593384
441.212004
452.619571
463.810628
474.779818
485.521895
496.031719
506.304262
516.334609
526.117961
535.649639
544.925083
553.939856
562.689646
571.170267
579.377663
587.307909
594.957211
602.321912
609.398489
616.183558
622.673875
628.866336
634.757980
640.345990
645.627694
650.600568
655.262235
659.610465
663.643182
667.358457
670.754515
673.829733
676.582644
679.011931
681.116434
682.895149
684.347228
685.471977
686.268861
686.737500
686.877672
686.689314
686.172515
685.327527
684.154754
682.654760
680.828265
678.676143
676.199427
673.399303
670.277111
666.834347
663.072659
658.993848
654.599867
649.892819
644.874956
639.548680
633.916539
627.981229
621.745590
615.212604
608.385398
601.267238
593.861528
586.171812
578.201767
569.955207
561.436075
552.648447
543.596525
534.284639
524.717242
514.898909
504.834337
494.528338
483.985841
473.211888
462.211630
450.990327
439.553347
427.906159
416.054331
404.003530
391.759519
379.328150
366.715369
353.927206
340.969775
327.849272
314.571970
301.144217
287.572434
273.863108
260.022796
246.058114
231.975739
217.782403
203.484894
189.090047
174.604744
160.035911
145.390513
130.675554
115.898068
101.065121
86.183806
71.261238
56.304551
41.320897
26.317441
11.301357
-3.720175
-18.739972
-33.750852
-48.745637
-63.717156
-78.658250
-93.561774
108.420600
123.227623
137.975761
152.657960
167.267199
181.796491
196.238885
210.587474
224.835395
238.975832
253.002022
266.907254
280.684877
294.328299
307.830993
321.186499
334.388427
347.430460
360.306358
373.009960
385.535186
397.876043
410.026624
421.981114
433.733792
445.279033
456.611310
467.725198
478.615378
489.276635
499.703865
509.892077
519.836391
529.532045
538.974398
548.158926
557.081230
565.737037
574.122201
582.232705
590.064663
597.614322
604.878065
611.852410
618.534016
624.919679
631.006339
636.791077
642.271118
647.443836
652.306749
656.857524
661.093978
665.014076
668.615938
671.897833
674.858186
677.495572
679.808725
681.796531
683.458033
684.792429
685.799076
686.477486
686.827327
686.848428
686.540773
685.904502
684.939915
683.647469
682.027776
680.081606
677.809886
675.213698
672.294280
669.053025
665.491478
661.611340
657.414464
652.902855
648.078667
642.944205
637.501925
631.754426
625.704456
619.354907
612.708817
605.769362
598.539861
591.023772
583.224691
575.146347
566.792606
558.167463
549.275046
540.119609
530.705533
521.037323
511.119604
500.957124
490.554745
479.917446
469.050319
457.958564
446.647489
435.122510
423.389142
411.453002
399.319804
386.995355
374.485554
361.796392
348.933941
335.904360
322.713885
309.368832
295.875590
282.240617
268.470442
254.571658
240.550917
226.414933
212.170474
197.824358
183.383454
168.854677
154.244981
139.561361
124.810847
110.000501
-95.137414
-80.228701
-65.281500
-50.302967
-35.300272
-20.280599
-5.251138
9.780916
24.808366
39.824019
54.820685
69.791187
84.728356
99.625042
114.474115
129.268466
144.001012
158.664702
173.252516
187.757471
202.172624
216.491075
230.705970
244.810506
258.797930
272.661550
286.394727
299.990891
313.443533
326.746215
339.892570
352.876307
365.691212
378.331152
390.790078
403.062028
415.141129
427.021601
438.697759
450.164016
461.414886
472.444984
483.249034
493.821866
504.158422
514.253756
524.103038
533.701557
543.044720
552.128059
560.947227
569.498007
577.776308
585.778170
593.499767
600.937406
608.087528
614.946716
621.511688
627.779306
633.746573
639.410635
644.768785
649.818461
654.557249
658.982884
663.093251
666.886385
670.360475
673.513860
676.345034
678.852644
681.035495
682.892543
684.422902
685.625844
686.500794
687.047337
687.265214
687.154323
686.714720
685.946617
684.850384
683.426548
681.675792
679.598957
677.197038
674.471187
671.422709
668.053066
664.363871
660.356891
656.034046
651.397404
646.449187
641.191762
635.627647
629.759505
623.590145
617.122518
610.359722
603.304991
595.961703
588.333370
580.423643
572.236306
563.775277
555.044604
546.048464
536.791160
527.277121
517.510898
507.497164
497.240709
486.746437
476.019370
465.064638
453.887481
442.493245
430.887379
419.075435
407.063063
394.856006
382.460103
369.881283
357.125561
344.199037
331.107894
317.858392
304.456867
290.909728
277.223453
263.404589
249.459741
235.395581
221.218832
206.936274
192.554738
178.081100
163.522282
148.885246
134.176992
119.404552
104.574992
89.695402
74.772899
59.814618
44.827713
29.819352
14.796710
-0.233027
-15.262672
-30.285036
-45.292937
-60.279194
-75.236643
-90.158128
105.036513
119.864683
134.635544
149.342032
163.977112
178.533784
193.005086
207.384094
221.663930
235.837763
249.898813
263.840352
277.655712
291.338281
304.881513
318.278929
331.524119
344.610743
357.532541
370.283329
382.857003
395.247549
407.449034
419.455619
431.261557
442.861198
454.248989
465.419478
476.367318
487.087266
497.574192
507.823072
517.829001
527.587185
537.092953
546.341751
555.329149
564.050843
572.502654
580.680534
588.580563
596.198958
603.532068
610.576377
617.328509
623.785229
629.943441
635.800191
641.352672
646.598221
651.534322
656.158606
660.468855
664.463000
668.139123
671.495460
674.530397
677.242477
679.630395
681.693004
683.429308
684.838473
685.919816
686.672816
687.097106
687.192477
686.958878
686.396415
685.505352
684.286111
682.739269
680.865561
678.665881
676.141275
673.292947
670.122256
666.630716
662.819992
658.691906
654.248428
649.491683
644.423942
639.047629
633.365314
627.379713
621.093689
614.510247
607.632537
600.463848
593.007609
585.267388
577.246887
568.949945
560.380531
551.542746
542.440820
533.079107
523.462090
513.594371
503.480672
493.125836
482.534819
471.712690
460.664630
449.395929
437.911980
426.218283
414.320435
402.224133
389.935168
377.459425
364.802876
351.971581
338.971685
325.809412
312.491065
299.023020
285.411727
271.663703
257.785531
243.783857
229.665386
215.436878
201.105146
186.677053
172.159508
157.559463
142.883909
128.139873
113.334415
-98.474625
-83.567619
-68.620534
-53.640528
-38.634774
-23.610456
-8.574770
6.465087
21.501911
36.528505
51.537671
66.522225
81.474992
96.388812
111.256544
126.071072
140.825300
155.512167
170.124640
184.655723
199.098460
213.445937
227.691285
241.827684
255.848367
269.746623
283.515797
297.149300
310.640605
323.983255
337.170861
350.197113
363.055776
375.740694
388.245796
400.565098
412.692704
424.622808
436.349703
447.867774
459.171512
470.255505
481.114451
491.743153
502.136524
512.289592
522.197499
531.855505
541.258987
550.403448
559.284511
567.897930
576.239582
584.305478
592.091759
599.594700
606.810714
613.736347
620.368289
626.703368
632.738553
638.470958
643.897844
649.016614
653.824822
658.320168
662.500505
666.363834
669.908308
673.132234
676.034072
678.612435
680.866092
682.793967
684.395140
685.668847
686.614481
687.231593
687.519889
687.479234
687.109650
686.411315
685.384568
684.029900
682.347963
680.339564
678.005666
675.347388
672.366004
669.062943
665.439787
661.498272
657.240285
652.667867
647.783207
642.588643
637.086663
631.279901
625.171136
618.763293
612.059440
605.062785
597.776677
590.204603
582.350187
574.217188
565.809498
557.131140
548.186268
538.979161
529.514226
519.795990
509.829103
499.618336
489.168571
478.484810
467.572164
456.435852
445.081204
433.513650
421.738725
409.762062
397.589389
385.226530
372.679398
359.953996
347.056410
333.992810
320.769445
307.392639