0.35140778
0.42334758
0.45289344
0.41463334
0.41144601
0.40312612
0.37121276
0.36857738
0.37211717
0.36986302
0.34655428
0.33472997
0.34347126
0.34315313
0.34430503
0.35909143
0.36555581
0.36719561
0.36160872
0.36133557
0.37746737
0.39978025
0.39693446
0.41011775
0.39629092
0.39809072
0.39241964
0.39267850
0.38209012
0.37368415
0.36739620
0.38110372
0.36783087
0.35938644
0.37002436
0.37019968
0.35857820
0.34015478
0.34305783
0.33043809
0.32023218
0.30948450
0.31482772
0.32550322
0.30864594
0.31791180
0.32506893
0.32144911
0.32045376
0.34654572
0.36663627
0.36291429
0.37310706
0.38824357
0.39853820
0.38590431
0.39112036
0.39139565
0.40467587
0.40122944
0.38335022
0.40482020
0.41873703
0.41616452
0.41346217
0.41991796
0.41337464
0.40601476
0.38891804
0.38674961
0.37194803
0.38205970
0.41797550
0.42837009
0.43236136
0.41343905
0.39056874
0.37587642
0.36375608
0.38874672
0.40748679
0.39458724
0.37958200
0.37871043
0.38065915
0.39050534
0.37685607
0.49507235
0.61305188
0.73073819
0.84807505
0.96500629
1.08147603
1.19742855
1.31280840
1.42756040
1.54162967
1.65496169
1.76750221
1.87919747
1.98999400
2.09983887
2.20867950
2.31646389
2.42314045
2.52865819
2.63296667
2.73601598
2.83775686
2.93814063
3.03711932
3.13464556
3.23067275
3.32515494
3.41804695
3.50930437
3.59888354
3.68674163
3.77283661
3.85712732
3.93957343
4.02013552
4.09877505
4.17545441
4.25013692
4.32278686
4.39336948
4.46185100
4.52819869
4.59238078
4.65436658
4.71412643
4.77163173
4.82685498
4.87976974
4.93035070
4.97857364
5.02441549
5.06785430
5.10886929
5.14744080
5.18355038
5.21718075
5.24831577
5.27694055
5.30304137
5.32660573
5.34762232
5.36608106
5.38197311
5.39529084
5.40602785
5.41417896
5.41974027
5.42270907
5.42308392
5.42086461
5.41605217
5.40864886
5.39865821
5.38608495
5.37093507
5.35321578
5.33293553
5.31010398
5.28473203
5.25683178
5.22641654
5.19350083
5.15810036
5.12023204
5.07991394
5.03716533
4.99200661
4.94445937
4.89454632
4.84229131
4.78771930
4.73085637
4.67172970
4.61036754
4.54679924
4.48105516
4.41316674
4.34316642
4.27108769
4.19696500
4.12083378
4.04273045
3.96269233
3.88075773
3.79696580
3.71135664
3.62397117
3.53485121
3.44403938
3.35157909
3.25751461
3.16189090
3.06475374
2.96614957
2.86612559
2.76472963
2.66201022
2.55801652
2.45279825
2.34640580
2.23889005
2.13030249
2.02069503
1.91012018
1.79863081
1.68628033
1.57312248
1.45921141
1.34460167
1.22934810
1.11350589
0.99713047
0.88027757
0.76300310
0.64536323
0.52741427
0.40921267
0.29081504
0.17227805
0.05365848
0.06498691
0.18360128
0.30212787
0.42050989
0.53869067
0.65661365
0.77422231
0.89146038
1.00827169
1.12460032
1.24039053
1.35558692
1.47013427
1.58397775
1.69706286
1.80933540
1.92074164
2.03122819
2.14074216
2.24923109
2.35664303
2.46292651
2.56803065
2.67190512
2.77450015
2.87576662
2.97565600
3.07412049
3.17111289
3.26658678
3.36049641
3.45279681
3.54344378
3.63239390
3.71960458
3.80503403
3.88864137
3.97038652
4.05023037
4.12813465
4.20406207
4.27797627
4.34984185
4.41962441
4.48729052
4.55280779
4.61614484
4.67727135
4.73615805
4.79277675
4.84710036
4.89910285
4.94875934
4.99604606
5.04094039
5.08342082
5.12346705
5.16105989
5.19618137
5.22881469
5.25894424
5.28655561
5.31163559
5.33417220
5.35415467
5.37157346
5.38642023
5.39868792
5.40837066
5.41546386
5.41996413
5.42186936
5.42117865
5.41789237
5.41201212
5.40354075
5.39248233
5.37884220
5.36262692
5.34384428
5.32250332
5.29861426
5.27218860
5.24323901
5.21177939
5.17782483
5.14139162
5.10249723
5.06116033
5.01740073
4.97123941
4.92269851
4.87180129
4.81857217
4.76303665
4.70522133
4.64515395
4.58286327
4.51837915
4.45173248
4.38295521
4.31208027
4.23914163
4.16417422
4.08721394
4.00829768
3.92746321
3.84474926
3.76019544
3.67384225
3.58573102
3.49590396
3.40440408
3.31127518
3.21656186
3.12030945
3.02256405
2.92337243
2.82278209
2.72084117
2.61759847
2.51310342
2.40740599
2.30055682
2.19260700
2.08360824
1.97361265
1.86267291
1.75084208
1.63817369
1.52472165
1.41054021
1.29568404
1.18020807
1.06416756
0.94761800
0.83061519
0.71321506
0.59547381
0.47744774
0.35919330
0.24076710
0.12222572
0.00362591
0.11497563
0.23352215
0.18173600
0.16936959
0.16056159
0.13906972
0.13139146
0.10723176
0.13157886
0.14379858
0.14291605
0.17745600
0.10567058
0.07461130
0.06118271
0.06248758
0.06075631
0.07974499
0.06572424
0.07151350
0.08002538
0.07470188
0.07642391
0.08731645
0.08408884
0.07084428
0.06387704
0.06555827
0.07144482
0.06133424
0.06413706
0.07777886
0.07869024
0.08023941
0.08256738
0.08318241
0.08150514
0.07712800
0.08211346
0.09022986
0.08382386
0.08302494
0.07714407
0.06616931
0.08865326
0.11811601
0.12378423
0.10769103
0.11319316
0.11369807
0.11372199
0.10465375
0.09894776
0.08277609
0.09654591
0.10570259
0.09040460
0.08972468
0.10174117
0.09784157
0.08385929
0.09065839
0.10333453
0.10695066
0.11637415
0.10888528
0.10204033
0.08634992
0.08500934
0.07833569
0.06791031
0.10556505
0.14316931
0.18070510
0.21815448
0.25549953
0.29272241
0.32980531
0.36673050
0.40348031
0.44003719
0.47638365
0.51250231
0.54837591
0.58398728
0.61931941
0.65435539
0.68907849
0.72347208
0.75751974
0.79120519
0.82451231
0.85742518
0.88992807
0.92200543
0.95364193
0.98482244
1.01553205
1.04575609
1.07548009
1.10468984
1.13337139
1.16151100
1.18909523
1.21611089
1.24254506
1.26838509
1.29361862
1.31823360
1.34221824
1.36556108
1.38825095
1.41027700
1.43162869
1.45229580
1.47226845
1.49153709
1.51009249
1.52792577
1.54502841
1.56139222
1.57700936
1.59187235
1.60597410
1.61930783
1.63186717
1.64364611
1.65463900
1.66484057
1.67424594
1.68285059
1.69065041
1.69764165
1.70382096
1.70918537
1.71373230
1.71745957
1.72036538
1.72244834
1.72370742
1.72414203
1.72375193
1.72253730
1.72049871
1.71763711
1.71395388
1.70945074
1.70412985
1.69799374
1.69104532
1.68328790
1.67472520
1.66536127
1.65520060
1.64424803
1.63250877
1.61998845
1.60669303
1.59262885
1.57780264
1.56222148
1.54589280
1.52882441
1.51102445
1.49250144
1.47326421
1.45332198
1.43268425
1.41136091
1.38936213
1.36669844
1.34338066
1.31941995
1.29482776
1.26961585
1.24379628
1.21738138
1.19038380
1.16281644
1.13469250
1.10602541
1.07682890
1.04711692
1.01690370
0.98620368
0.95503156
0.92340225
0.89133088
0.85883280
0.82592356
0.79261891
0.75893478
0.72488731
0.69049277
0.65576764
0.62072853
0.58539222
0.54977563
0.51389579
0.47776989
0.44141523
0.40484920
0.36808931
0.33115318
0.29405846
0.25682295
0.21946445
0.18200086
0.14445012
0.10683021
0.06915915
0.03145497
0.00626426
0.04398048
0.08167563
0.11933165
0.15693051
0.19445419
0.23188474
0.26920420
0.30639472
0.34343847
0.38031772
0.41701479
0.45351211
0.48979219
0.52583765
0.56163123
0.59715577
0.63239427
0.66732983
0.70194572
0.73622536
0.77015233
0.80371037
0.83688340
0.86965554
0.90201107
0.93393451
0.96541055
0.99642413
1.02696037
1.05700465
1.08654259
1.11556001
1.14404304
1.17197801
1.19935156
1.22615056
1.25236218
1.27797386
1.30297333
1.32734863
1.35108808
1.37418029
1.39661422
1.41837913
1.43946458
1.45986048
1.47955706
1.49854489
1.51681488
1.53435828
1.55116669
1.56723207
1.58254673
1.59710333
1.61089491
1.62391487
1.63615698
1.64761538
1.65828459
1.66815951
1.67723541
1.68550797
1.69297322
1.69962760
1.70546792
1.71049141
1.71469567
1.71807869
1.72063887
1.72237498
1.72328621
1.72337214
1.72263273
1.72106835
1.71867977
1.71546813
1.71143499
1.70658230
1.70091239
1.69442798
1.68713221
1.67902857
1.67012095
1.66041365
1.64991132
1.63861900
1.62654212
1.61368646
1.60005821
1.58566390
1.57051043
1.55460508
1.53795547
1.52056959
1.50245578
1.48362272
1.46407944
1.44383531
1.42290004
1.40128366
1.37899653
1.35604934
1.33245308
1.30821905
1.28335887
1.25788446
1.23180801
1.20514203
1.17789927
1.15009280
1.12173593
1.09284224
1.06342557
1.03350001
1.00307990
0.97217978
0.94081448
0.90899898
0.87674855
0.84407860
0.81100479
0.77754294
0.74370907
0.70951938
0.67499022
0.64013814
0.60497980
0.56953204
0.53381181
0.49783621
0.46162245
0.42518786
0.38854988
0.35172603
0.31473393
0.27759127
0.24031584
0.20292546
0.16543800
0.12787142
0.09024367
0.05257276
0.01487670
0.02282648
0.05582263
0.04424665
0.04974228
0.05051538
0.08598298
0.10879811
0.08693481
0.07811848
0.07663939
0.08380597
0.10091299
0.09152786
0.08828146
0.09478970
0.07838702
0.08701738
0.06690158
0.07404509
0.07369182
0.06426166
0.06546723
0.06968317
0.07199654
0.06434068
0.06654744
0.06187434
0.05790101
0.04818797
0.05185791
0.06089601
0.06381973
0.06282509
0.06451179
0.05939270
0.06354720
0.07412340
0.07002152
0.07910170
0.07075879
0.07190549
0.06587720
0.05971381
0.05757773
0.02911967
0.03732035
0.03822780
0.05419465
0.05154607
0.04030719
0.03486724
0.03094581
0.04105960
0.03035329
0.04952063
0.04172654
0.04926134
0.05932031
0.04855023
0.06073822
0.06155147
0.07288207
0.06640624
0.07221435
0.07784270
0.08562000
0.09395212
0.08733531
0.08502846
0.08004036
0.07754262
0.05456116
0.05567513
0.05761915
0.05513328
0.04765805
0.07210011
0.07457305
0.09158239
0.08650317
0.08994593
0.08433664
0.07840981
0.06146613
0.06630221
0.06696469
0.07704611
0.08073650
0.09598749
0.11119257
0.12634447
0.14143596
0.15645980
0.17140882
0.18627587
0.20105384
0.21573567
0.23031433
0.24478287
0.25913435
0.27336192
0.28745878
0.30141818
0.31523346
0.32889802
0.34240530
0.35574887
0.36892235
0.38191942
0.39473389
0.40735963
0.41979060
0.43202086
0.44404456
0.45585595
0.46744940
0.47881935
0.48996037
0.50086714
0.51153444
0.52195717
0.53213035
0.54204912
0.55170873
0.56110456
0.57023213
0.57908707
0.58766514
0.59596224
0.60397441
0.61169781
0.61912876
0.62626368
0.63309918
0.63963199
0.64585897
0.65177715
0.65738369
0.66267592
0.66765130
0.67230745
0.67664214
0.68065329
0.68433899
0.68769747
0.69072711
0.69342647
0.69579426
0.69782932
0.69953070
0.70089757
0.70192926
0.70262530
0.70298533
0.70300918
0.70269683
0.70204843
0.70106429
0.69974486
0.69809078
0.69610283
0.69378195
0.69112925
0.68814599
0.68483360
0.68119365
0.67722787
0.67293816
0.66832657
0.66339529
0.65814668
0.65258323
0.64670762
0.64052263
0.63403123
0.62723651
0.62014171
0.61275023
0.60506560
0.59709148
0.58883169
0.58029017
0.57147101
0.56237840
0.55301671
0.54339041
0.53350409
0.52336248
0.51297042
0.50233290
0.49145498
0.48034188
0.46899890
0.45743147
0.44564512
0.43364548
0.42143830
0.40902942
0.39642476
0.38363035
0.37065233
0.35749688
0.34417032
0.33067901
0.31702941
0.30322805
0.28928153
0.27519653
0.26097978
0.24663810
0.23217833
0.21760741
0.20293231
0.18816006
0.17329771
0.15835239
0.14333125
0.12824149
0.11309032
0.09788500
0.08263281
0.06734105
0.05201705
0.03666814
0.02130167
0.00592500
0.00945450
0.02482948
0.04019256
0.05553640
0.07085364
0.08613694
0.10137899
0.11657248
0.13171014
0.14678472
0.16178900
0.17671578
0.19155792
0.20630830
0.22095987
0.23550560
0.24993853
0.26425173
0.27843836
0.29249161
0.30640475
0.32017112
0.33378412
0.34723722
0.36052399
0.37363806
0.38657314
0.39932303
0.41188163
0.42424292
0.43640098
0.44834997
0.46008418
0.47159798
0.48288586
0.49394241
0.50476232
0.51534042
0.52567164
0.53575102
0.54557375
0.55513510
0.56443051
0.57345551
0.58220579
0.59067715
0.59886554
0.60676702
0.61437783
0.62169430
0.62871294
0.63543039
0.64184342
0.64794897
0.65374411
0.65922608
0.66439223
0.66924011
0.67376738
0.67797189
0.68185162
0.68540471
0.68862947
0.69152436
0.69408798
0.69631911
0.69821670
0.69977982
0.70100774
0.70189988
0.70245580
0.70267525
0.70255812
0.70210448
0.70131454
0.70018869
0.69872748
0.69693160
0.69480192
0.69233946
0.68954542
0.68642113
0.68296809
0.67918797
0.67508258
0.67065388
0.66590402
0.66083526
0.65545003
0.64975094
0.64374069
0.63742220
0.63079847
0.62387269
0.61664819
0.60912842
0.60131700
0.59321767
0.58483431
0.57617094
0.56723171
0.55802092
0.54854297
0.53880241
0.52880392
0.51855227
0.50805238
0.49730929
0.48632814
0.47511419
0.46367282
0.45200951
0.44012984
0.42803951
0.41574431
0.40325013
0.39056295
0.37768884
0.36463398
0.35140461
0.33800708
0.32444779
0.31073323
0.29686998
0.28286467
0.26872401
0.25445476
0.24006376
0.22555790
0.21094411
0.19622939
0.18142078
0.16652538
0.15155031
0.13650273
0.12138984
0.10621889
0.09099712
0.07573182
0.06043029
0.04509986
0.02974785
0.01438161
0.00099151
0.01636416
0.03172897
0.04707861
0.06240574
0.07770301
0.09296312
0.10817877
0.12334268
0.13844760
0.15348631
0.16845161
0.18333636
0.19813342
0.21283574
0.22743627
0.24192804
0.25630412
0.27055763
0.28468176
0.29866977
0.31251495
0.32621069
0.33975045
0.35312775
0.36633620
0.37936947
0.39222135
0.40488569
0.41735643
0.42962761
0.44169336
0.45354792
0.46518562
0.47660090
0.48778830
0.49874246
0.50945817
0.51993027
0.53015379
0.54012382
0.54983560
0.55928448
0.56846595
0.57737562
0.58600922
0.59436263
0.60243185
0.61021303
0.61770243
0.62489649
0.63179175
0.63838493
0.64467286
0.65065253
0.65632109
0.66167583
0.66671417
0.67143371
0.67583219
0.67990749
0.68365768
0.68708095
0.69017567
0.69294034
0.69537364
0.69747441
0.69924164
0.70067447
0.70177222
0.70253436
0.70296051
0.70305048
0.70280421
0.70222181
0.70130356
0.70004989
0.69846139
0.69653883
0.69428311
0.69169530
0.68877665
0.68552853
0.68195250
0.67805026
0.67382367
0.66927476
0.66440567
0.65921875
0.65371647
0.64790145
0.64177646
0.63534444
0.62860845
0.62157171
0.61423758
0.60660957
0.59869131
0.59048659
0.58199933
0.57323358
0.56419354
0.55488353
0.54530798
0.53547149
0.52537874
0.51503458
0.50444393
0.49361187
0.48254357
0.47124433
0.45971954
0.44797473
0.43601550
0.42384758
0.41147679
0.39890904
0.38615034
0.37320681
0.36008462
0.34679006
0.33332950
0.31970936
0.30593617
0.29201652
0.27795706
0.26376454
0.24944573
0.23500749
0.22045674
0.20580044
0.19104559
0.17619928
0.16126860
0.14626069
0.13118276
0.11604200
0.10084568
0.08560107
0.07031547
0.05499619
0.03965058
0.02428598
0.00890974
0.00647076
0.02184816
0.03721510
0.05256422
0.06788817
0.08317961
0.09843120
0.11363566
0.12878569
0.14387405
0.15889349
0.17383683
0.18869691
0.20346661
0.21813886
0.23270662
0.24716292
0.26150084
0.27571350
0.28979409
0.30373587
0.31753217
0.33117636
0.34466192
0.35798237
0.37113135
0.38410256
0.39688977
0.40948686
0.42188779
0.43408663
0.44607753
0.45785475
0.46941263
0.48074565
0.49184838
0.50271549
0.51334179
0.52372217
0.53385168
0.54372544
0.55333874
0.56268697
0.57176565
0.58057044
0.58909711
0.59734158
0.60529990
0.61296826
0.62034299
0.62742055
0.63419756
0.64067078
0.64683709
0.65269356
0.65823737
0.66346587
0.66837656
0.67296709
0.67723526
0.68117903
0.68479652
0.68808598
0.69104586
0.69367473
0.69597134
0.69793459
0.69956354
0.70085742
0.70181561
0.70243766
0.70272326
0.70267230
0.70228479
0.70156092
0.70050105
0.69910569
0.69737551
0.69531134
0.69291418
0.69018518
0.68712565
0.68373706
0.68002103
0.67597936
0.67161398
0.66692699
0.66192064
0.65659732
0.65095960
0.64501018
0.63875191
0.63218780
0.62532099
0.61815477
0.61069259
0.60293801
0.59489477
0.58656671
0.57795782
0.56907224
0.55991422
0.55048816
0.54079856
0.53085007
0.52064747
0.51019564
0.49949958
0.48856443
0.47739541
0.46599789
0.45437732
0.44253928
0.43048941
0.41823352
0.40577745
0.39312717
0.38028876
0.36726834
0.35407217
0.34070654
0.32717788
0.31349265
0.29965740
0.28567876
0.27156342
0.25731814
0.24294974
0.22846509
0.21387113
0.19917484
0.18438325
0.16950345
0.15454255
0.13950771
0.12440613
0.10924504
0.09403168
0.07877334
0.06347732
0.04815093
0.03280151
0.01743637
0.00206290
0.01331157
0.02867966
0.04403404
0.05936736
0.07467228
0.08994148
0.10516767
0.12034356
0.13546189
0.15051543
0.16549699
0.18039941
0.19521554
0.20993832
0.22456070
0.23907568
0.25347634
0.26775578
0.28190718
0.29592377
0.30979884
0.32352578
0.33709800
0.35050903
0.36375246
0.37682194
0.38971124
0.40241418
0.41492471
0.42723683
0.43934467
0.45124242
0.46292441
0.47438505
0.48561885
0.49662046
0.50738460
0.51790614
0.52818003
0.53820138
0.54796538
0.55746737
0.56670280
0.57566726
0.58435646
0.59276625
0.60089259
0.60873162
0.61627957
0.62353284
0.63048795
0.63714158
0.64349054
0.64953180
0.65526247
0.66067979
0.66578119
0.67056421
0.67502657
0.67916613
0.68298090
0.68646906
0.68962894
0.69245902
0.69495795
0.69712451
0.69895768
0.70045658
0.70162047
0.70244881
0.70294118
0.70309735
0.70291723
0.70240092
0.70154864
0.70036081
0.69883798
0.69698088
0.69479038
0.69226754
0.68941355
0.68622977
0.68271771
0.67887906
0.67471564
0.67022943
0.66542259
0.66029739
0.65485629
0.64910187
0.64303690
0.63666427
0.62998701
0.62300831
0.61573152
0.60816010
0.60029767
0.59214798
0.58371494
0.57500257
0.56601503
0.55675661
0.54723176
0.53744501
0.52740104
0.51710466
0.50656078
0.49577446
0.48475084
0.47349520
0.46201293
0.45030950
0.43839053
0.42626170
0.41392883
0.40139781
0.38867463
0.37576539
0.36267625
0.34941349
0.33598344
0.32239254
0.30864729
0.29475427
0.28072012
0.26655155
0.25225537
0.23783840
0.22330754
0.20866976
0.19393206
0.17910149
0.16418515
0.14919020
0.13412379
0.11899316
0.10380554
0.08856820
0.07328845
0.05797360
0.04263097
0.02726793
0.01189183
0.00348998
0.01887011
0.03424121
0.04959592
0.06492687
0.08022673
0.09548817
0.11070388
0.12586657
0.14096898
0.15600387
0.17096404
0.18584232
0.20063159
0.21532477
0.22991481
0.24439472
0.25875757
0.27299648
0.28710462
0.30107524
0.31490165
0.32857722
0.34209539
0.35544970
0.36863374
0.38164120
0.39446585
0.40710155
0.41954223
0.43178194
0.44381483
0.45563511
0.46723714
0.47861534
0.48976428
0.50067861
0.51135310
0.52178265
0.53196224
0.54188702
0.55155222
0.56095321
0.57008550
0.57894470
0.58752658
0.59582703
0.60384207
0.61156786
0.61900070
0.62613704
0.63297345
0.63950667
0.64573357
0.65165116
0.65725662
0.66254726
0.66752055
0.67217410
0.67650570
0.68051328
0.68419490
0.68754882
0.69057343
0.69326728
0.69562909
0.69765773
0.69935224
0.70071179
0.70173575
0.70242363
0.70277511
0.70279001
0.70246834
0.70181026
0.70081608
0.69948628
0.69782151
0.69582256
0.69349041
0.69082616
0.68783111
0.68450668
0.68085448
0.67687627
0.67257394
0.66794956
0.66300536
0.65774371
0.65216713
0.64627829
0.64008002
0.63357530
0.62676724
0.61965910
0.61225431
0.60455639
0.59656905
0.58829612
0.57974156
0.57090947
0.56180407
0.55242975
0.54279099
0.53289240
0.52273874
0.51233486
0.50168575
0.49079651
0.47967237
0.46831864
0.45674076
0.44494429
0.43293487
0.42071825
0.40830028
0.39568691
0.38288419
0.36989823
0.35673527
0.34340159
0.32990359
0.31624773
0.30244054
0.28848863
0.27439869
0.26017745
0.24583172
0.23136838
0.21679434
0.20211657
0.18734211
0.17247801
0.15753141
0.14250943
0.12741928
0.11226818
0.09706337
0.08181212
0.06652174
0.05119954
0.03585285
0.02048901
0.00511536
0.01026073
0.02563191
0.04099083
0.05633015
0.07164253
0.08692063
0.10215717
0.11734485