 5.36857234
 6.35620622
 6.93805763
 6.47775466
 6.39083494
 6.28968749
 5.83556501
 5.60679761
 5.64501873
 5.61953995
 5.28570168
 5.04855681
 4.98251941
 5.18125573
 5.28416162
 5.43390682
 5.35990473
 5.36972016
 5.36845887
 5.36750789
 5.34962241
 5.35368075
 5.36315139
 5.36121167
 5.37701660
 5.35856682
 5.38278452
 5.33297275
 5.32480492
 5.37157277
 5.35656455
 5.43177806
 5.46269784
 5.42811353
 5.55202330
 5.49973731
 5.29969744
 5.27368197
 5.14022177
 5.08400553
 5.06836625
 4.84050376
 4.62540469
 4.71200285
 4.57774317
 4.70249849
 4.79131109
 4.76026800
 4.75643878
 4.82391516
 4.88678572
 4.92563136
 5.04808279
 5.19687999
 5.32559247
 5.18124479
 5.09402017
 5.03420260
 5.16122861
 5.20288570
 5.04246463
 5.28973880
 5.44021724
 5.43115467
 5.27270963
 5.30860624
 5.28501552
 5.33585965
 5.23866405
 5.22305443
 5.16339697
 5.22032931
 5.36886366
 5.46914284
 5.45956399
 5.35745544
 5.21723586
 5.23365038
 5.08579951
 5.34057392
 5.59739687
 5.51427331
 5.44829561
 5.42946211
 5.34521760
 5.40917424
 5.19666235
 5.06665426
 4.94066859
 4.81876556
 4.70100334
 4.58743823
 4.47812442
 4.37311418
 4.27245762
 4.17620285
 4.08439584
 3.99708043
 3.91429835
 3.83608913
 3.76249014
 3.69353653
 3.62926125
 3.56969499
 3.51486621
 3.46480111
 3.41952359
 3.37905530
 3.34341555
 3.31262138
 3.28668750
 3.26562629
 3.24944781
 3.23815978
 3.23176761
 3.23027434
 3.23368067
 3.24198499
 3.25518331
 3.27326933
 3.29623441
 3.32406756
 3.35675548
 3.39428256
 3.43663086
 3.48378014
 3.53570788
 3.59238925
 3.65379718
 3.71990231
 3.79067308
 3.86607564
 3.94607399
 4.03062990
 4.11970296
 4.21325063
 4.31122818
 4.41358885
 4.52028370
 4.63126178
 4.74647004
 4.86585346
 4.98935503
 5.11691572
 5.24847463
 5.38396888
 5.52333378
 5.66650273
 5.81340739
 5.96397754
 6.11814130
 6.27582506
 6.43695347
 6.60144963
 6.76923492
 6.94022929
 7.11435102
 7.29151703
 7.47164265
 7.65464193
 7.84042752
 8.02891064
 8.22000140
 8.41360849
 8.60963955
 8.80800095
 9.00859806
 9.21133508
 9.41611525
 9.62284091
 9.83141329
10.04173294
10.25369942
10.46721167
10.68216770
10.89846505
11.11600043
11.33467009
11.55436976
11.77499453
11.99643926
12.21859822
12.44136553
12.66463485
12.88829980
13.11225359
13.33638947
13.56060064
13.78478005
14.00882093
14.23261633
14.45605970
14.67904435
14.90146414
15.12321290
15.34418499
15.56427516
15.78337837
16.00139034
16.21820703
16.43372527
16.64784219
16.86045594
17.07146505
17.28076907
17.48826838
17.69386394
17.89745800
18.09895341
18.29825437
18.49526577
18.68989399
18.88204614
19.07163082
19.25855787
19.44273807
19.62408395
19.80250897
19.97792842
20.15025856
20.31941761
20.48532484
20.64790140
20.80707005
20.96275483
21.11488192
21.26337869
21.40817476
21.54920102
21.68639066
21.81967818
21.94900033
22.07429580
22.19550474
22.31256982
22.42543516
22.53404741
22.63835469
22.73830777
22.83385890
22.92496287
23.01157660
23.09365871
23.17117059
23.24407518
23.31233825
23.37592717
23.43481217
23.48896507
23.53836045
23.58297517
23.62278786
23.65778011
23.68793515
23.71323921
23.73368011
23.74924873
23.75993755
23.76574191
23.76665952
23.76268984
23.75383542
23.74010038
23.72149195
23.69801891
23.66969315
23.63652808
23.59854002
23.55574762
23.50817118
23.45583414
23.39876137
23.33698085
23.27052195
23.19941714
23.12370026
23.04340799
22.95857922
22.86925432
22.77547673
22.67729110
22.57474511
22.46788760
22.35677040
22.24144645
22.12197141
21.99840292
21.87079988
21.73922405
21.60373816
21.46440776
21.32129929
21.17448194
21.02402574
20.87000316
20.71248841
20.55155660
20.38728552
20.21975350
20.04904148
19.87523089
19.69840569
19.51865022
19.33605103
19.15069604
18.96267367
18.77207470
18.57899008
18.38351302
18.18573680
17.98575688
17.78366870
17.57956951
17.37355757
17.16573118
16.95619065
16.74503597
16.53236908
16.31829145
16.10290642
15.88631678
15.66862677
15.44994117
15.23036435
15.01000229
14.78896017
14.56734468
14.34526159
14.12281811
13.90012040
13.67727566
13.45439116
13.23157329
13.00892962
12.78656640
12.56459101
12.34310938
12.12222847
11.90205369
11.68269106
11.46424621
11.24682340
11.03052764
10.81546217
10.60173089
10.38943578
10.17867944
 9.96956243
 9.76218550
 9.55664858
 9.35304973
 9.15148739
 8.95205774
 8.75485722
 8.55997992
 8.36752012
 8.17756962
 7.99022003
 7.80556172
 7.62368274
 7.44467120
 7.26861245
 7.09559244
 6.92569367
 6.75899789
 6.59558456
 6.43553262
 6.27891939
 6.12581927
 5.97630598
 5.83045164
 5.68832718
 5.55000031
 1.86165233
 1.79873154
 1.78126056
 1.78650102
 1.84006333
 1.89888874
 2.03035054
 1.22099761
 1.35808797
 1.69280525
 0.85257875
 0.62177580
 0.53960303
 0.64701510
 0.71215041
 0.70812252
 0.79237207
 0.68862058
 0.70251604
 0.73997859
 0.78751385
 0.81273558
 0.73846815
 0.69473153
 0.64901135
 0.67303368
 0.66326694
 0.66686509
 0.72006463
 0.78244715
 0.84575530
 0.84622177
 0.85111513
 0.85328617
 0.83371757
 0.87613800
 0.89051403
 0.90351578
 0.87336736
 0.86157496
 0.83348138
 0.84311656
 0.83951723
 0.84547375
 0.84424680
 0.82392069
 0.85313138
 0.85622750
 0.86201962
 0.85426802
 0.87180269
 0.85789530
 0.86998389
 0.87195858
 0.85280005
 0.85279639
 0.85175541
 0.83904979
 0.84523390
 0.83588617
 0.83296025
 0.84433449
 0.82436882
 0.83423264
 0.83961569
 0.83681383
 0.82860386
 0.83086766
 0.81563148
 0.94465256
 1.07291085
 1.20034500
 1.32689413
 1.45249772
 1.57709575
 1.70062864
 1.82303736
 1.94426335
 2.06424868
 2.18293600
 2.30026852
 2.41619018
 2.53064552
 2.64357982
 2.75493907
 2.86467003
 2.97272019
 3.07903789
 3.18357229
 3.28627336
 3.38709199
 3.48597993
 3.58288988
 3.67777547
 3.77059131
 3.86129295
 3.94983701
 4.03618112
 4.12028392
 4.20210517
 4.28160570
 4.35874744
 4.43349345
 4.50580794
 4.57565627
 4.64300499
 4.70782184
 4.77007576
 4.82973692
 4.88677672
 4.94116784
 4.99288418
 5.04190097
 5.08819468
 5.13174311
 5.17252538
 5.21052191
 5.24571445
 5.27808612
 5.30762136
 5.33430597
 5.35812714
 5.37907338
 5.39713463
 5.41230218
 5.42456870
 5.43392827
 5.44037633
 5.44390976
 5.44452678
 5.44222706
 5.43701162
 5.42888291
 5.41784476
 5.40390239
 5.38706243
 5.36733286
 5.34472310
 5.31924390
 5.29090741
 5.25972714
 5.22571797
 5.18889614
 5.14927921
 5.10688612
 5.06173711
 5.01385378
 4.96325896
 4.90997689
 4.85403301
 4.79545407
 4.73426811
 4.67050436
 4.60419335
 4.53536677
 4.46405758
 4.39029987
 4.31412897
 4.23558128
 4.15469443
 4.07150714
 3.98605919
 3.89839153
 3.80854607
 3.71656588
 3.62249495
 3.52637836
 3.42826208
 3.32819312
 3.22621943
 3.12238977
 3.01675392
 2.90936241
 2.80026674
 2.68951909
 2.57717255
 2.46328087
 2.34789863
 2.23108112
 2.11288423
 1.99336463
 1.87257950
 1.75058676
 1.62744478
 1.50321259
 1.37794964
 1.25171595
 1.12457202
 0.99657869
 0.86779732
 0.73828952
 0.60811740
 0.47734322
 0.34602971
 0.21423966
 0.08203625
 0.05051718
 0.18335722
 0.31642017
 0.44964238
 0.58295998
 0.71630921
 0.84962611
 0.98284694
 1.11590786
 1.24874510
 1.38129515
 1.51349446
 1.64527980
 1.77658799
 1.90735626
 2.03752191
 2.16702269
 2.29579659
 2.42378189
 2.55091743
 2.67714224
 2.80239601
 2.92661868
 3.04975089
 3.17173360
 3.29250853
 3.41201783
 3.53020426
 3.64701134
 3.76238309
 3.87626440
 3.98860067
 4.09933825
 4.20842406
 4.31580600
 4.42143265
 4.52525343
 4.62721877
 4.72727980
 4.82538875
 4.92149860
 5.01556347
 5.10753828
 5.19737914
 5.28504305
 5.37048803
 5.45367332
 5.53455906
 5.61310667
 5.68927850
 5.76303824
 5.83435053
 5.90318140
 5.96949788
 6.03326826
 6.09446214
 6.15305021
 6.20900456
 6.26229837
 6.31290629
 6.36080406
 6.40596889
 6.44837918
 6.48801464
 6.52485646
 6.55888696
 6.59009001
 6.61845063
 6.64395541
 6.66659210
 6.68635002
 6.70321971
 6.71719314
 6.72826374
 6.73642620
 6.74167674
 6.74401283
 6.74343349
 6.73993897
 6.73353107
 6.72421289
 6.71198888
 6.69686504
 6.67884858
 6.65794824
 6.63417401
 6.60753738
 6.57805108
 6.54572934
 6.51058763
 6.47264279
 6.43191309
 6.38841799
 6.34217842
 6.29321647
 6.24155568
 6.18722075
 6.13023778
 6.07063403
 6.00843804
 5.94367965
 5.87638981
 5.80660083
 5.73434606
 5.65966016
 5.58257882
 5.50313901
 5.42137873
 5.33733709
 5.25105437
 5.16257182
 5.07193183
 4.97917773
 4.88435397
 4.78750585
 4.68867977
 4.58792300
 4.48528370
 4.38081104
 4.27455494
 4.16656628
 4.05689666
 3.94559860
 3.83272527
 3.71833070
 3.60246959
 3.48519732
 3.36657002
 3.24664436
 3.12547773
 3.00312804
 2.87965382
 2.75511408
 2.62956838
 2.50307673
 2.37569960
 2.24749790
 2.11853291
 1.98886628
 1.85855999
 1.72767634
 1.59627788
 1.46442743
 1.33218801
 1.19962281
 1.06679522
 0.93376870
 0.80060686
 0.66737334
 0.53413185
 0.40094601
 0.26787950
 0.13499591
 0.00235869
 0.12996872
 0.26192308
 0.39344130
 0.52446056
 0.65491820
 0.68195302
 0.68389033
 0.68378445
 0.68532313
 0.68465386
 0.68147031
 0.68201089
 0.68217632
 0.69128791
 0.69340219
 0.69087184
 0.68739191
 0.68402312
 0.69299002
 0.69672664
 0.68660439
 0.69038087
 0.69266494
 0.69699940
 0.69040208
 0.68629518
 0.68973263
 0.68926879
 0.68634880
 0.68861216
 0.67485565
 0.67258733
 0.66946924
 0.67083740
 0.67435739
 0.66759197
 0.66907675
 0.68290440
 0.68640533
 0.70828031
 0.69460649
 0.69642378
 0.69949795
 0.67920403
 0.67375366
 0.66690971
 0.68384087
 0.68603762
 0.69616182
 0.69164171
 0.71500348
 0.70898688
 0.72854555
 0.70548432
 0.69066629
 0.70061481
 0.70018532
 0.71539656
 0.73214594
 0.71613758
 0.72243723
 0.74116904
 0.74026699
 0.71950431
 0.72368593
 0.71306490
 0.72911536
 0.71711391
 0.71984436
 0.73069713
 0.75001401
 0.74637088
 0.74406778
 0.73445593
 0.73956837
 0.73231029
 0.73727335
 0.74215242
 0.75337900
 0.73307079
 0.72822626
 0.73621918
 0.74426406
 0.74297499
 0.73921101
 0.74063731
 0.73639668
 0.72230292
 0.72053866
 0.72672154
 0.71958215
 0.70672721
 0.83739226
 0.96768782
 1.09755156
 1.22692146
 1.35573564
 1.48393257
 1.61145093
 1.73822982
 1.86420858
 1.98932702
 2.11352533
 2.23674412
 2.35892451
 2.48000804
 2.59993686
 2.71865359
 2.83610150
 2.95222439
 3.06696675
 3.18027372
 3.29209107
 3.40236535
 3.51104380
 3.61807443
 3.72340604
 3.82698823
 3.92877145
 4.02870698
 4.12674702
 4.22284462
 4.31695382
 4.40902954
 4.49902772
 4.58690526
 4.67262009
 4.75613116
 4.83739848
 4.91638312
 4.99304724
 5.06735413
 5.13926815
 5.20875487
 5.27578096
 5.34031430
 5.40232395
 5.46178017
 5.51865444
 5.57291948
 5.62454925
 5.67351898
 5.71980515
 5.76338553
 5.80423920
 5.84234651
 5.87768917
 5.91025017
 5.94001384
 5.96696587
 5.99109326
 6.01238439
 6.03082897
 6.04641812
 6.05914426
 6.06900123
 6.07598423
 6.08008984
 6.08131600
 6.07966205
 6.07512872
 6.06771806
 6.05743358
 6.04428010
 6.02826385
 6.00939244
 5.98767481
 5.96312132
 5.93574362
 5.90555478
 5.87256917
 5.83680255
 5.79827196
 5.75699580
 5.71299380
 5.66628695
 5.61689759
 5.56484930
 5.51016698
 5.45287676
 5.39300605
 5.33058347
 5.26563889
 5.19820340
 5.12830922
 5.05598986
 4.98127987
 4.90421507
 4.82483229
 4.74316960
 4.65926603
 4.57316180
 4.48489816
 4.39451733
 4.30206265
 4.20757835
 4.11110973
 4.01270296
 3.91240523
 3.81026453
 3.70632982
 3.60065094
 3.49327843
 3.38426383
 3.27365929
 3.16151787
 3.04789325
 2.93283993
 2.81641297
 2.69866820
 2.57966208
 2.45945155
 2.33809429
 2.21564838
 2.09217257
 1.96772594
 1.84236822
 1.71615938
 1.58915993
 1.46143077
 1.33303302
 1.20402829
 1.07447829
 0.94444518
 0.81399118
 0.68317887
 0.55207082
 0.42072990
 0.28921907
 0.15760123
 0.02593953
 0.10570307
 0.23726341
 0.36867858
 0.49988554
 0.63082156
 0.76142387
 0.89162988
 1.02137735
 1.15060404
 1.27924818
 1.40724807
 1.53454253
 1.66107052
 1.78677158
 1.91158547
 2.03545239
 2.15831316
 2.28010888
 2.40078135
 2.52027273
 2.63852593
 2.75548425
 2.87109186
 2.98529337
 3.09803409
 3.20926021
 3.31891839
 3.42695629
 3.53332213
 3.63796514
 3.74083516
 3.84188311
 3.94106062
 4.03832020
 4.13361546
 4.22690072
 4.31813151
 4.40726409
 4.49425597
 4.57906547
 4.66165216
 4.74197652
 4.82000009
 4.89568573
 4.96899715
 5.03989945
 5.10835863
 5.17434211
 5.23781828
 5.29875692
 5.35712888
 5.41290624
 5.46606249
 5.51657213
 5.56441118
 5.60955670
 5.65198726
 5.69168252
 5.72862365
 5.76279299
 5.79417420
 5.82275244
 5.84851398
 5.87144669
 5.89153953
 5.90878307
 5.92316900
 5.93469063
 5.94334244
 5.94912029
 5.95202160
 5.95204493
 5.94919043
 5.94345941
 5.93485479
 5.92338063
 5.90904258
 5.89184750
 5.87180362
 5.84892068
 5.82320958
 5.79468278
 5.76335385
 5.72923795
 5.69235133
 5.65271180
 5.61033829
 5.56525109
 5.51747189
 5.46702350
 5.41393018
 5.35821726
 5.29991154
 5.23904084
 5.17563441
 5.10972256
 5.04133679
 4.97050995
 4.89727584
 4.82166962
 4.74372737
 4.66348649
 4.58098529
 4.49626335
 4.40936114
 4.32032022
 4.22918326
 4.13599379
 4.04079647
 3.94363675
 3.84456120
 3.74361712
 3.64085288
 3.53631759
 3.43006119
 3.32213459
 3.21258932
 3.10147784
 2.98885322
 2.87476937
 2.75928077
 2.64244272
 2.52431104
 2.40494217
 2.28439326
 2.16272187
 2.03998623
 1.91624495
 1.79155725
 1.66598267
 1.53958130
 1.41241353
 1.28454011
 1.15602222
 1.02692125
 0.89729895
 0.76721721
 0.63673827
 0.50592445
 0.37483831
 0.24354249
 0.11209969
 0.01942719
 0.15097535
 0.28248186
 0.41388394
 0.54511871
 0.67612351
 0.80683567
 0.93719276
 1.06713248
 1.19659268
 1.32551153
 1.45382737
 1.58147890
 1.70840507
 1.83454525
 1.95983910
 2.08422675
 2.20764875
 2.33004606
 2.45136020
 2.57153315
 2.69050746
 2.80822624
 2.92463321
 3.03967269
 3.15328968
 3.26542985
 3.37603956
 3.48506591
 3.59245674
 3.69816071
 3.80212721
 3.90430653
 4.00464976
 4.10310890
 4.19963684
 4.29418737
 4.38671525
 4.47717617
 4.56552684
 4.65172494
 4.73572923
 4.81749944
 4.89699644
 4.97418213
 5.04901954
 5.12147283
 5.19150724
 5.25908924
 5.32418640
 5.38676754
 5.44680263
 5.50426288
 5.55912072
 5.61134983
 5.66092515
 5.70782286
 5.75202045
 5.79349668
 5.83223163
 5.86820665
 5.90140446
 5.93180908
 5.95940586
 5.98418152
 6.00612409
 6.02522299
 6.04146898
 6.05485420
 6.06537213
 6.07301766
 6.07778704
 6.07967789
 6.07868922
 6.07482140
 6.06807620
 6.05845676
 6.04596761
 6.03061461
 6.01240506
 5.99134760
 5.96745219
 5.94073024
 5.91119444
 5.87885887
 5.84373893
 5.80585139
 5.76521429
 5.72184704
 5.67577038
 5.62700627
 5.57557804
 5.52151023
 5.46482873
 5.40556060
 5.34373421
 5.27937910
 5.21252607
 5.14320714
 5.07145543
 4.99730531
 4.92079225
 4.84195291
 4.76082500
 4.67744740
 4.59185999
 4.50410379
 4.41422086
 4.32225419
 4.22824789
 4.13224695
 4.03429742
 3.93444616
 3.83274109
 3.72923087
 3.62396513
 3.51699437
 3.40836977
 3.29814346
 3.18636820
 3.07309763
 2.95838598
 2.84228830
 2.72486015
 2.60615787
 2.48623839
 2.36515911
 2.24297815
 2.11975398
 1.99554577
 1.87041295
 1.74441560
 1.61761402
 1.49006902
 1.36184180
 1.23299370
 1.10358658
 0.97368236
 0.84334340
 0.71263206
 0.58161107
 0.45034313
 0.31889119
 0.18731827
 0.05568733
 0.07593847
 0.20749617
 0.33892265
 0.47015503
 0.60113037
 0.73178602
 0.86205935
 0.99188791
 1.12120963
 1.24996248
 1.37808491
 1.50551545
 1.63219322
 1.75805743
 1.88304796
 2.00710490
 2.13016882
 2.25218094
 2.37308273
 2.49281646
 2.61132470
 2.72855087
 2.84443876
 2.95893305
 3.07197890
 3.18352217
 3.29350963
 3.40188855
 3.50860722
 3.61361449
 3.71686025
 3.81829503
 3.91787045
 4.01553884
 4.11125345
 4.20496866
 4.29663955
 4.38622244
 4.47367439
 4.55895374
 4.64201962
 4.72283248
 4.80135364
 4.87754554
 4.95137191
 5.02279738
 5.09178796
 5.15831059
 5.22233363
 5.28382640
 5.34275969
 5.39910529
 5.45283626
 5.50392710
 5.55235331
 5.59809193
 5.64112100
 5.68142016
 5.71897007
 5.75375295
 5.78575219
 5.81495248
 5.84134004
 5.86490222
 5.88562791
 5.90350716
 5.91853160
 5.93069399
 5.93998870
 5.94641130
 5.94995870
 5.95062941
 5.94842303
 5.94334081
 5.93538512
 5.92455994
 5.91087039
 5.89432319
 5.87492625
 5.85268884
 5.82762178
 5.79973698
 5.76904795
 5.73556930
 5.69931720
 5.66030893
 5.61856329
 5.57410025
 5.52694105
 5.47710840
 5.42462607
 5.36951930
 5.31181437
 5.25153902
 5.18872201
 5.12339352
 5.05558476
 4.98532816
 4.91265743
 4.83760725
 4.76021365
 4.68051356
 4.59854521
 4.51434773
 4.42796150
 4.33942780
 4.24878894
 4.15608837
 4.06137035
 3.96468027
 3.86606429
 3.76556968
 3.66324440
 3.55913748
 3.45329867
 3.34577855
 3.23662860
 3.12590096
 3.01364864
 2.89992525
 2.78478523
 2.66828357
 2.55047604
 2.43141894
 2.31116914
 2.18978422
 2.06732213
 1.94384148
 1.81940125
 1.69406098
 1.56788054
 1.44092029
 1.31324091
 1.18490338
 1.05596913
 0.92649971
 0.79655708
 0.66620328
 0.53550069
 0.40451171
 0.27329898
 0.14192510
 0.01045296
 0.12105455
 0.25253463
 0.38392439
 0.51516108
 0.64618192
 0.77692434
 0.90732580
 1.03732400
 1.16685683
 1.29586232
 1.42427887
 1.55204504
 1.67909981
 1.80538240
 1.93083249
 2.05539007
 2.17899563
 2.30159008
 2.42311479
 2.54351169
 2.66272319
 2.78069233
 2.89736266
 3.01267844
 3.12658449
 3.23902635
 3.34995029
 3.45930320
 3.56703283
 3.67308760
 3.77741684
 3.87997058
 3.98069981
 4.07955631
 4.17649277
 4.27146283
 4.36442102
 4.45532286
 4.54412483
 4.63078443
 4.71526014
 4.79751155
 4.87749924
 4.95518491
 5.03053136
 5.10350247
 5.17406329
 5.24217999
 5.30781994
 5.37095165
 5.43154485
 5.48957049
 5.54500072
 5.59780895
 5.64796983
 5.69545928
 5.74025448
 5.78233393
 5.82167739
 5.85826595
 5.89208199
 5.92310925
 5.95133279
 5.97673899
 5.99931561
 6.01905172
 6.03593780
 6.04996565
 6.06112847
 6.06942080
 6.07483856
 6.07737909
 6.07704104
 6.07382448
 6.06773085
 6.05876297
 6.04692502
 6.03222259
 6.01466260
 5.99425338
 5.97100460
 5.94492730
 5.91603388
 5.88433808
 5.84985500
 5.81260106
 5.77259403
 5.72985297
 5.68439829
 5.63625170
 5.58543615
 5.53197596
 5.47589662
 5.41722497
 5.35598903
 5.29221810
 5.22594264
 5.15719438
 5.08600622
 5.01241219
 4.93644754
 4.85814859
 4.77755286
 4.69469891
 4.60962643
 4.52237614
 4.43298983
 4.34151035
 4.24798147
 4.15244804
 4.05495579
 3.95555149
 3.85428271
 3.75119804
 3.64634682
 3.53977934
 3.43154671
 3.32170075
 3.21029417
 3.09738032
 2.98301340
 2.86724816
 2.75014018
 2.63174553
 2.51212100
 2.39132401
 2.26941237
 2.14644464
 2.02247968
 1.89757702
 1.77179645
 1.64519837
 1.51784340
 1.38979263
 1.26110752
 1.13184965
 1.00208110
 0.87186398
 0.74126081
 0.61033411
 0.47914674
 0.34776147
 0.21624134
 0.08464945
 0.04695126
 0.17849760
 0.30992663
 0.44117527
 0.57218073
 0.70288013
 0.83321097
 0.96311074
 1.09251717
 1.22136836
 1.34960250
 1.47715828
 1.60397448
 1.72999051
 1.85514589
 1.97938083
 2.10263578
 2.22485167
 2.34597012
 2.46593304
 2.58468313
 2.70216344
 2.81831788
 2.93309074
 3.04642724
 3.15827310
 3.26857474
 3.37727954
 3.48433539
 3.58969121
 3.69329650
 3.79510185
 3.89505846
 3.99311868
 4.08923558
 4.18336315
 4.27545655
 4.36547163
 4.45336552
 4.53909610
 4.62262256
 4.70390487
 4.78290433
 4.85958317
 4.93390471
 5.00583360
 5.07533538
 5.14237700
 5.20692635
 5.26895275
 5.32842649
 5.38531933
 5.43960407
 5.49125476
 5.54024691
 5.58655704
 5.63016322
 5.67104453
 5.70918164
 5.74455626
 5.77715168
 5.80695233
 5.83394397
 5.85811391
 5.87945053
 5.89794384
 5.91358495
 5.92636657
 5.93628254
 5.94332833
 5.94750057
 5.94879728
 5.94721803
 5.94276352
 5.93543608
 5.92523916
 5.91217781
 5.89625823
 5.87748821
 5.85587673
 5.83143412
 5.80417224
 5.77410408
 5.74124418
 5.70560818
 5.66721330
 5.62607783
 5.58222160
 5.53566558
 5.48643201
 5.43454458
 5.38002805
 5.32290862
 5.26321354
 5.20097150
 5.13621219
 5.06896671
 4.99926720
 4.92714696
 4.85264060
 4.77578369
 4.69661309
 4.61516659
 4.53148325
 4.44560301
 4.35756704
 4.26741742
 4.17519722
 4.08095065
 3.98472269
 3.88655945
 3.78650779
 3.68461566
 3.58093170
 3.47550556
 3.36838764
 3.25962910
 3.14928204
 3.03739914
 2.92403398
 2.80924069
 2.69307422
 2.57559005
 2.45684442
 2.33689407
 2.21579630
 2.09360909
 1.97039077
 1.84620033
 1.72109706
 1.59514085
 1.46839183
 1.34091066
 1.21275826
 1.08399583
 0.95468501
 0.82488754
 0.69466552
 0.56408114
 0.43319689
 0.30207525
 0.17077897
 0.03937077
 0.09208656
 0.22353014
 0.35489720
 0.48612488
 0.61715052
 0.74791144
 0.87834520
 1.00838939