0.68951075
0.82532111
0.90588226
0.84043135
0.82750691
0.81236109
0.74506838
0.71039988
0.71587442
0.71151621
0.65754083
0.61799085
0.60643651
0.64163163
0.66061891
0.69008215
0.67407496
0.67608372
0.67544598
0.67492004
0.66839767
0.67090673
0.67938325
0.67131311
0.65885212
0.66446919
0.65928497
0.66503426
0.66540058
0.66247446
0.66262714
0.66049487
0.65988184
0.65953246
0.65983122
0.65873206
0.65490951
0.65407897
0.65033058
0.64846882
0.64769629
0.63992767
0.63209576
0.63491800
0.62962751
0.63421203
0.63747628
0.63590901
0.63545707
0.63792646
0.64026066
0.64169551
0.64682524
0.65316130
0.65863984
0.65165009
0.64719540
0.64404240
0.64961121
0.65124166
0.64336209
0.65467672
0.66139729
0.66057123
0.65259670
0.65390330
0.65242389
0.65452381
0.64956365
0.64845377
0.64530175
0.64761688
0.65416766
0.65850919
0.65761780
0.65244613
0.64550621
0.64599453
0.63868011
0.65025224
0.66187579
0.65759883
0.65416039
0.65287388
0.64852576
0.65105971
0.64086482
0.56388064
0.49237016
0.42640354
0.36555363
0.30988548
0.25896702
0.21285855
0.17112344
0.13381759
0.10062385
0.07122307
0.04566528
0.02350402
0.00478585
0.01093896
0.02362693
0.03373065
0.04120934
0.04639442
0.04961840
0.05084378
0.05052865
0.04863718
0.04562896
0.04146945
0.03661931
0.03104490
0.02508388
0.01907409
0.01298245
0.00727053
0.00190511
0.00265258
0.00643633
0.00898565
0.01033528
0.01014959
0.00809365
0.00420442
0.00197493
0.01040548
0.02154188
0.03534284
0.05226045
0.07225066
0.09563892
0.12274906
0.15353215
0.18843218
0.22739649
0.27086514
0.31878141
0.37158106
0.42920290
0.49195440
0.56014058
0.63369287
0.71303482
0.79809253
0.88928405
0.98652980
1.09024202
1.20033514
1.31709157
1.44079052
1.57133687
1.70912694
1.85405888
2.00652212
2.16640780
2.33409820
2.50947718
2.69279593
2.88430185
3.08386740
3.29185590
3.50813194
3.73305085
3.96646912
4.20873389
4.45969335
4.71956257
4.98855233
5.26649806
5.55372561
5.85006168
6.15582331
6.47082835
6.79538493
7.12930188
7.47275461
7.82591396
8.18857508
8.56102333
8.94304465
9.33491513
9.73641142
0.14780030
0.56884909
0.99969152
1.44045664
1.89089773
2.35125815
2.82128180
3.30120270
3.79075537
4.29016452
4.79915533
5.31781950
5.84624408
6.38414040
6.93171003
7.48865513
8.05516817
8.63094225
9.21616082
9.81050805
0.41403478
1.02678750
1.64843717
2.27914533
2.91857436
3.56687727
4.22370802
4.88921131
5.56303288
6.24518557
6.93567824
7.63414466
8.34070962
9.05499920
9.77713060
0.50672244
1.24388463
1.98822858
2.73973342
3.49837480
4.26375389
5.03596345
5.81459813
6.59974435
7.39099057
8.18841717
8.99160674
9.80051020
0.61507576
1.43487780
2.25998302
3.08996075
3.92487283
4.76428387
5.60825121
6.45633512
7.30846505
8.16456850
9.02419993
9.88740698
0.75374072
1.62324557
2.49546957
3.37045432
4.24774525
5.12725778
6.00890630
6.89223303
7.77727424
8.66357052
9.55115673
0.43957222
1.32885083
2.21853111
3.10852256
3.99873451
4.88870506
5.77846728
6.66755950
7.55601519
8.44337330
9.32966814
0.21443967
1.09759972
1.97906089
2.85836543
3.73555154
4.61016351
5.48224176
6.35133306
7.21748045
8.08023352
8.93951465
9.79524785
0.64698768
1.49478553
2.33819976
3.17728572
4.01160596
4.84122018
5.66569546
6.48497249
7.29899444
8.10733586
8.91006889
9.70677349
0.49752738
1.28191624
2.06002370
2.83144150
3.59613574
4.35407572
5.10486288
5.84859691
6.58488603
7.31383689
8.03506480
8.74868361
9.45431597
0.15195950
0.84161560
1.52291843
2.19600094
2.86050522
3.51657229
4.16385237
4.80249473
5.43215796
6.05287602
6.66468719
7.26726289
7.86077379
8.44490010
9.01982130
9.58522652
0.14130420
0.68775248
1.22464518
1.75206070
2.26971089
2.77780707
3.27607035
3.76472133
4.24349043
4.71260757
5.17181253
5.62122088
6.06095288
6.49076239
6.91090275
7.32113717
7.72172837
8.11244892
8.49357086
8.86487609
9.22652224
9.57867156
9.92111980
0.25416208
0.57760331
0.89174769
1.19640916
1.49190092
1.77804581
2.05504220
2.32309278
2.58203356
2.83219955
3.07343531
3.30608431
3.52999948
3.74553257
3.95254469
4.15127198
4.34195456
4.52446541
4.69917606
4.86596710
5.02521757
5.17681547
5.32114716
5.45810775
5.58796687
5.71099750
5.82710491
5.93669227
6.03967132
6.13645157
6.22695084
0.31155035
0.37964211
0.39608533
0.38970590
0.35087796
0.31424056
0.22010838
0.09626560
0.09998542
0.10884608
0.08714763
0.08175501
0.08002399
0.08149723
0.08201402
0.08171810
0.08155947
0.08202716
0.08160959
0.08065528
0.07904027
0.07779439
0.08125088
0.08378676
0.08691269
0.08480531
0.08553573
0.08516134
0.07859308
0.06986387
0.06024368
0.06002600
0.05899218
0.05845593
0.06261455
0.05277689
0.04899713
0.04525085
0.05401890
0.05761624
0.06688704
0.06391238
0.06452534
0.06131727
0.06165528
0.07079171
0.05788553
0.05653080
0.05387430
0.05814545
0.04959215
0.05770541
0.05068172
0.04929808
0.06110747
0.06130352
0.06150408
0.06966848
0.06670816
0.07251376
0.07394872
0.06645570
0.07955915
0.07348903
0.07039330
0.07348637
0.07962065
0.07864487
0.09053367
0.04486488
0.00630647
0.06319302
0.12551005
0.19346489
0.26676752
0.34562001
0.42972717
0.51928589
0.61411954
0.71404894
0.81926344
0.92945525
1.04480882
1.16501151
1.29024299
1.42018589
1.55501525
1.69453278
1.83853796
1.98719911
2.14018766
2.29766762
2.45930622
2.62526334
2.79520215
2.96927855
3.14727553
3.32897416
3.51452474
3.70358108
3.89628993
4.09230168
4.29175978
4.49431137
4.70009677
4.90888377
5.12043874
5.33489767
5.55190054
5.77158074
5.99357575
6.21801654
6.44453833
6.67326993
6.90396816
7.13638886
7.37065804
7.60640618
7.84375767
8.08234150
8.32228072
8.56320305
8.80523043
9.04811326
9.29160153
9.53581592
9.78038211
0.02542026
0.27055562
0.51590807
0.76110273
1.00625942
1.25112703
1.49545455
1.73936223
1.98247584
2.22491620
2.46630976
2.70677817
2.94594880
3.18394436
3.42051710
3.65541994
3.88877760
4.12022086
4.34987607
4.57737579
4.80284824
5.02592797
5.24674532
5.46506073
5.68063581
5.89360453
6.10360735
6.31078088
6.51476837
6.71570931
6.91324990
7.10753272
7.29833087
7.48541910
7.66894497
7.84856301
8.02442439
8.19618727
8.36400657
8.52754432
8.68695936
8.84204145
8.99258241
9.13874732
9.28020854
9.41713551
9.54920500
9.67659095
9.79897471
9.91653482
0.02908107
0.13642565
0.23875429
0.33576035
0.42763454
0.51407521
0.59527814
0.67094678
0.74128206
0.80611637
0.86528473
0.91899597
0.96696672
1.00941117
1.04605135
1.07710689
1.10230525
1.12187155
1.13566250
1.14353755
1.14573012
1.14198150
1.13253069
1.11712454
1.09600765
1.06893245
1.03614913
0.99753945
0.95298798
0.90275326
0.84660171
0.78479741
0.71711232
0.64381607
0.56468610
0.47999754
0.38965702
0.29357389
0.19203139
0.08482051
9.97222981
9.85405557
9.73059162
9.60163943
9.46749801
9.32809767
9.18337127
9.03362536
8.87867402
8.71882868
8.55390826
8.38422899
8.20961447
8.03038558
7.84649425
7.65789463
7.46491430
7.26738804
7.06564768
6.85953220
6.64937755
6.43502674
6.21681966
5.99472691
5.76872094
5.53914724
5.30585810
5.06920248
4.82903608
4.58571116
4.33908658
4.08951771
3.83699014
3.58149090
3.32337958
3.06252213
2.79928071
2.53352373
2.26561568
1.99542721
1.72332492
1.44930521
1.17336536
0.89587473
0.61670856
0.33623773
0.05433888
9.77138422
9.48725158
9.20231422
8.91657464
8.63003573
8.34307190
8.05556288
7.76788352
7.47991391
7.19202912
6.90410930
6.61652951
6.32929347
6.04240478
5.75623796
5.47067233
5.18608179
4.90234491
4.61983469
4.33842870
4.05849880
3.78004506
3.50306681
3.22793380
2.95452003
2.68319355
2.41382654
2.14678507
1.88193929
1.61965309
1.35991805
1.10272452
0.84843271
0.59690665
0.34850383
0.10308546
0.13899390
0.37787608
0.61320967
0.84501601
1.07331815
1.29776974
1.51852107
1.73522940
1.94804872
2.15664012
2.36116147
2.56127783
2.75702742
2.94845057
3.13521861
3.31749987
3.49497007
3.66780197
3.83567582
3.99876899
4.15676639
4.30972641
4.45770984
4.60040884
4.73801281
4.87021887
4.99722143
5.11872269
5.23492219
5.34552730
5.45061906
5.55028117
5.64422891
5.73267499
5.81534003
5.89244215
5.96370741
6.02935936
6.08912954
6.14312329
6.19144874
6.23384571
6.27055153
6.30131159
6.32636877
6.34547402
6.35887582
6.36633066
6.36796891
6.36392366
6.35395978
6.33833960
6.31683351
6.28970936
6.25674302
0.13760860
0.05209162
0.07665698
0.05831112
0.06790854
0.09902697
0.10303616
0.10673120
0.07014367
0.06390724
0.07169580
0.08353276
0.09319567
0.07485572
0.07022609
0.08833165
0.08474434
0.08154312
0.07615631
0.08654233
0.09243492
0.08855453
0.08956113
0.09402936
0.09195731
0.10752330
0.11069214
0.11503790
0.11394200
0.11041352
0.11713741
0.11628730
0.10390677
0.10151554
0.08209313
0.09392941
0.09302925
0.09019784
0.10857096
0.11355354
0.12013568
0.10672983
0.10543617
0.09925522
0.10284985
0.08401771
0.08829668
0.07293902
0.09270183
0.10538867
0.09800920
0.09809167
0.08696430
0.07274941
0.08635545
0.08123854
0.06610124
0.06784719
0.08386700
0.08087372
0.08890899
0.07702006
0.08646810
0.08432870
0.07566766
0.06032332
0.06394509
0.06624641
0.07444897
0.07094956
0.07842861
0.07482377
0.07123193
0.06294471
0.07966464
0.08227907
0.07622103
0.06921052
0.07088714
0.07396982
0.07355596
0.07759956
0.09005262
0.09149062
0.08696578
0.09228466
0.10248801
0.06936821
0.03066538
0.01385027
0.06391117
0.11974170
0.18106886
0.24811168
0.32059179
0.39872289
0.48234500
0.57129553
0.66578031
0.76550788
0.87067891
0.98099686
1.09665733
1.21735877
1.34329183
1.47427372
1.61011922
1.75101176
1.89663773
2.04717588
2.20230799
2.36220826
2.52655400
2.69551502
2.86888797
3.04646738
3.22841674
3.41440282
3.60458507
3.79862633
3.99668221
4.19841178
4.40396698
4.61312694
4.82566910
5.04174022
5.26099074
5.48356422
5.70910799
5.93776258
6.16917241
6.40347522
6.64043638
6.87982001
7.12176001
7.36589444
7.61235492
7.86077732
8.11129123
8.36353057
8.61762308
8.87332464
9.13039037
9.38894568
9.64862063
9.90953938
0.17133086
0.43411819
0.69752940
0.96168683
1.22634152
1.49124423
1.75651660
2.02178542
2.28717213
2.55230346
2.81730092
3.08179138
3.34589667
3.60936776
3.87195596
4.13378395
4.39448012
4.65416806
4.91247715
5.16953215
5.42496367
5.67889783
5.93109042
6.18129809
6.42964942
6.67577918
6.91981791
7.16140244
7.40066548
7.63724612
7.87127946
8.10253079
8.33076673
8.55612636
8.77825540
8.99729588
9.21289654
9.42520251
9.63386574
9.83903470
0.04048846
0.23800786
0.43174669
0.62136580
0.80702274
0.98838222
1.16560576
1.33836210
1.50681687
1.67076673
1.83001046
1.98472018
2.13457540
2.27975273
2.41993625
2.55530721
2.68555437
2.81086374
2.93105262
3.04594077
3.15572155
3.26009599
3.35926251
3.45292719
3.54129360
3.62407301
3.70147419
3.77333738
3.83950549
3.90019526
3.95513120
4.00453544
4.04813793
4.08616621
4.11835567
4.14493934
4.16578182
4.18075045
4.19008652
4.19353916
4.19135517
4.18328921
4.16959360
4.15002852
4.12485179
4.09395283
4.05722377
4.01493067
3.96684742
3.91324550
3.85390422
3.78910048
3.71861892
3.64274179
3.56138279
3.47445822
3.38225821
3.28458054
3.18172047
3.07348090
2.96016215
2.84157211
2.71801609
2.58943059
2.45575457
2.31730053
2.17388841
2.02583538
1.87296597
1.71560188
1.55357210
1.38720271
1.21645075
1.04127534
0.86200887
0.67849079
0.49105750
0.29955235
0.10431555
9.90519422
9.70253218
9.49630385
9.28648530
9.07342552
8.85698012
8.63750125
8.41484760
8.18937426
7.96094282
7.72991112
7.49626713
7.26000006
7.02147150
6.78054927
6.53759720
6.29248519
6.04557908
5.79675068
5.54636758
5.29442699
5.04092685
4.78623697
4.53023289
4.27328562
4.01527176
3.75656326
3.49703758
3.23706739
2.97665445
2.71580074
2.45487956
2.19376940
1.93284367
1.67198085
1.41155422
1.15144203
0.89201720
0.63328119
0.37523515
0.11825099
9.86220529
9.60746900
9.35391760
9.10192084
8.85135290
8.60258209
8.35560473
8.11041632
7.86738258
7.62637338
7.38775241
7.15138745
6.91763995
6.68637534
6.45795264
6.23235843
6.00957793
5.78996608
5.57338153
5.36017625
5.15020582
4.94381903
4.74086820
4.54169875
4.34628324
4.15459241
3.96696633
3.78324830
3.60377452
3.42838444
3.25741025
3.09068732
2.92854371
2.77093425
2.61781159
2.46949728
2.32581584
2.18708430
2.05312257
1.92424304
1.80026093
1.68148383
1.56784581
1.45927850
1.35608213
1.25805963
1.16550616
1.07821959
0.99648995
0.92010992
0.84936431
0.78416424
0.72441819
0.67040302
0.62189816
0.57917511
0.54200791
0.51066262
0.48490786
0.46500424
0.45083859
0.44229499
0.43962584
0.44258606
0.45142252
0.46588466
0.48621387
0.51215408
0.54394122
0.58143741
0.62450209
0.67336297
0.72775039
0.78788665
0.85349670
0.92479750
1.00150865
1.08384181
1.17163499
1.26472360
1.36331149
1.46710522
1.57630352
1.69060791
1.81021210
1.93481262
2.06459828
2.19938441
2.33898401
2.48357868
2.63285304
2.78698409
2.94565190
3.10902898
3.27679096
3.44910603
3.62576922
3.80657349
3.99168079
4.18075638
4.37395823
4.57094773
4.77187909
4.97641000
5.18469106
5.39650010
5.61161329
5.83017616
6.05183797
6.27674112
6.50453182
6.73534954
6.96883766
7.20513293
7.44399977
7.68520138
7.92887081
8.17464526
8.42265560
8.67253696
8.92441820
9.17793262
9.43320733
9.68999766
9.94805819
0.20751386
0.46799430
0.72962329
0.99202940
1.25533548
1.51916928
1.78365295
2.04853736
2.31357317
2.57888194
2.84409044
3.10932013
3.37419780
3.63884509
3.90288902
4.16645163
4.42928414
4.69113814
4.95213667
5.21190849
5.47057763
5.72777396
5.98362273
6.23775512
6.49029787
6.74100742
6.98964110
7.23632824
7.48070438
7.72290091
7.96255549
8.19980175
8.43427973
8.66612552
8.89510544
9.12098717
9.34391091
9.56352353
9.77996823
9.99289498
0.20245017
0.40828706
0.61055545
0.80903577
1.00351028
1.19413421
1.38056986
1.56297633
1.74101983
1.91486348
2.08417760
2.24912947
2.40951741
2.56514188
2.71617674
2.86230323
3.00369976
3.14005217
3.27154356
3.39786453
3.51920299
3.63537810
3.74621155
3.85189863
3.95214234
4.04714305
4.13660886
4.22074534
4.29926578
4.37238100
4.43993330
4.50176763
4.55810283
4.60866550
4.65367987
4.69287800
4.72648954
4.75425201
4.77640058
4.79280196
4.80332565
4.80821507
4.80722150
4.80059389
4.78808902
4.76996138
4.74597327
4.71638465
4.68108707
4.63997479
4.59331598
4.54088663
4.48296036
4.41931853
4.35024012
4.27551187
4.19541806
4.10987443
4.01879932
3.92248486
3.82073080
3.71383441
3.60160051
3.48433138
3.36183680
3.23442397
3.10203128
2.96459950
2.82244298
2.67538342
2.52373976
2.36733828
2.20650239
2.04106273
1.87134706
1.69731402
1.51892431
1.33651187
1.14991769
0.95947963
0.76504250
0.56694793
0.36504440
0.15967708
9.95082169
9.73845557
9.52292892
9.30409856
9.08231775
8.85744632
8.62984041
8.39936262
8.16637178
7.93085681
7.69280779
7.45258718
7.21006360
6.96560163
6.71907193
6.47084097
6.22078121
5.96926082
5.71627754
5.46182982
5.20628791
4.94952775
4.69192069
4.43334365
4.17416885
3.91427395
3.65403179
3.39344426
3.13251341
2.87161256
2.61062018
2.34990963
2.08935927
1.82934223
1.56973653
1.31091486
1.05287838
0.79562789
0.53953491
0.28447560
0.03082041
9.77844430
9.52771647
9.27851046
9.03119393
8.78576251
8.54221095
8.30090417
8.06171120
7.82499489
7.59062208
7.35895327
7.12985289
6.90367892
6.68041687
6.46005083
6.24293459
6.02892561
5.81837462
5.61113593
5.40755703
5.20748887
5.01127553
4.81888813
4.63029599
4.44583766
4.26535494
4.08918252
3.91715822
3.74961265
3.58637954
3.42778528
3.27378301
3.12432365
2.97972701
2.83981582
2.70490531
2.57481359
2.44985118
2.32983143
2.21506003
2.10546916
2.00098851
1.90191634
1.80805361
1.71969352
1.63663192
1.55915680
1.48705884
1.42062078
1.35975170
1.30435799
1.25471443
1.21059838
1.17227921
1.13952887
1.11261131
1.09129302
1.07583250
1.06611444
1.06202081
1.06380187
1.07121040
1.08449116
1.10339145
1.12815054
1.15851023
1.19470432
1.23659285
1.28403314
1.33725080
1.39597407
1.46042320
1.53032105
1.60588253
1.68682520
1.77335870
1.86531901
1.96253956
2.06522219
2.17307152
2.28628434
2.40456023
2.52809100
2.65657131
2.79018809
2.92875485
3.07208276
3.22035166
3.37324439
3.53093622
3.69310551
3.85992310
4.03106298
4.20669169
4.38660271
4.57058743
4.75880627
4.95092301
5.14709416
5.34697970
5.55073244
5.75800872
5.96895784
6.18335634
6.40097917
6.62197065
6.84597888
7.07314513
7.30311454
7.53602553
7.77152051
8.00973522
8.25043320
8.49337678
8.73869815
8.98603375
9.23551369
9.48677239
9.73993808
9.99464342
0.25101496
0.50880751
0.76777517
1.02804245
1.28923859
1.55148702
1.81441602
2.07814817
2.34231105
2.60702663
2.87204567
3.13711875
3.40236743
3.66741849
3.93239348
4.19691929
4.46111771
4.72461600
4.98753643
5.24963053
5.51065023
5.77071897
6.02946594
6.28701565
6.54299849
6.79754028
7.05027282
7.30132350
7.55044947
7.79740879
8.04233158
8.28485423
8.52510897
8.76273439
8.99786508
9.23014205
9.45970246
9.68631367
9.90974450
0.13013628
0.34713710
0.56089138
0.77105035
0.97776171
1.18068006
1.37995657
1.57537310
1.76671334
1.95413400
2.13729890
2.31636867
2.49101112
2.66139096
2.82718016
2.98854767
3.14529348
3.29721981
3.44450225
3.58682382
3.72436474
3.85681269
3.98435261
4.10667697
4.22397559
4.33606956
4.44278248
4.54431165
4.64036199
4.73113592
4.81634353
4.89619242
4.97039793
5.03917294
5.10236182
5.15981162
5.21174325
5.25788544
5.29846453
5.33321469
5.36236773
5.38566329
5.40333867
5.41526275
5.42130716
5.42171750
5.41624716
5.40514728
5.38817678
5.36559230
5.33715827
5.30313682
5.26342162
5.21790905
5.16686942
5.11008083
5.04781900
4.97986737
4.90650704
4.82752678
4.74321295
4.65348331
4.55825823
4.45783185
4.35200592
4.24107967
4.12485986
4.00365071
3.87726393
3.74600857
3.60982489
3.46865550
3.32281655
3.17213155
3.01692118
2.85701344
2.69273344
2.52391351
2.35088302
2.17360222
1.99203340
1.80651203
1.61688060
1.42347844
1.22615181
1.02524372
0.82060401
0.61257920
0.40114625
0.18628379
9.96834320
9.74718246
9.52315598
9.29612465
9.06644567
8.83398262
8.59909531
8.36177355
8.12200830
7.88016284
7.63610658
7.39020482
7.14232892
6.89284599
6.64162910
6.38904696
6.13509782
5.87978058
5.62346592
5.36603013
5.10784490
4.84878740
4.58923009
4.32905080
4.06862249
3.80794715
3.54702685
3.28623491
3.02544974
2.76504458
2.50489764
2.24538185
1.98637500
1.72824945
1.47100604
1.21464518
0.95953796
0.70556004
0.45308137
0.20197633
9.95261350
9.70486575
9.45910005
9.21531127
8.97349338
8.73401044
8.49673064
8.26201588
8.02973202
7.80023860
7.57339897
7.34957004
7.12873619
6.91088034
6.69635508
6.48501663
6.27721443
6.07280148
5.87212392
5.67503131
5.48186629
5.29259855
5.10719589
4.92599535
4.74883718
4.57605445
4.40748339
4.24345295
4.08379517
3.92883475
3.77852307
3.63280931
3.49201149
3.35595052
3.22493979
3.09879555
2.97782643
2.86184387
2.75115166
2.64568000
2.54535662
2.45047781
2.36084252
2.27674193
2.19796984
2.12481223
2.05705768
1.99498688
1.93850681
1.88752176
1.84230443
1.80263003
1.76876583
1.74048165
1.71803929
1.70120312
1.69022948
1.68500093
1.68539728
1.69166663
1.70355963
1.72131889
1.74468956
1.77390877
1.80871621
1.84934353