0.000
1.500
3.000
4.500
6.000
7.500
9.000
10.500
12.000
13.500
15.000
16.500
18.000
19.500
21.000
22.500
24.000
25.500
27.000
28.500
30.000
31.500
33.000
34.500
36.000
37.500
39.000
40.500
42.000
43.500
45.000
46.500
48.000
49.500
51.000
52.500
54.000
55.500
57.000
58.500
60.000
61.500
63.000
64.500
66.000
67.500
69.000
70.500
72.000
73.500
75.000
76.500
78.000
79.500
81.000
82.500
84.000
85.500
87.000
88.500
90.000
91.500
93.000
94.500
96.000
97.500
99.000
100.500
102.000
103.500
105.000
106.500
108.000
109.500
111.000
112.500
114.000
115.500
117.000
118.500
120.000
121.500
123.000
124.500
126.000
127.500
129.000
429.000
729.000
1029.000
1329.000
1629.000
1929.000
2229.000
2529.000
2829.000
3129.000
3429.000
3729.000
4029.000
4329.000
4629.000
4929.000
5229.000
5529.000
5829.000
6129.000
6429.000
6729.000
7029.000
7329.000
7629.000
7929.000
8229.000
8529.000
8829.000
9129.000
9429.000
9729.000
10029.000
10329.000
10629.000
10929.000
11229.000
11529.000
11829.000
12129.000
12429.000
12729.000
13029.000
13329.000
13629.000
13929.000
14229.000
14529.000
14829.000
15129.000
15429.000
15729.000
16029.000
16329.000
16629.000
16929.000
17229.000
17529.000
17829.000
18129.000
18429.000
18729.000
19029.000
19329.000
19629.000
19929.000
20229.000
20529.000
20829.000
21129.000
21429.000
21729.000
22029.000
22329.000
22629.000
22929.000
23229.000
23529.000
23829.000
24129.000
24429.000
24729.000
25029.000
25329.000
25629.000
25929.000
26229.000
26529.000
26829.000
27129.000
27429.000
27729.000
28029.000
28329.000
28629.000
28929.000
29229.000
29529.000
29829.000
30129.000
30429.000
30729.000
31029.000
31329.000
31629.000
31929.000
32229.000
32529.000
32829.000
33129.000
33429.000
33729.000
34029.000
34329.000
34629.000
34929.000
35229.000
35529.000
35829.000
36129.000
36429.000
36729.000
37029.000
37329.000
37629.000
37929.000
38229.000
38529.000
38829.000
39129.000
39429.000
39729.000
40029.000
40329.000
40629.000
40929.000
41229.000
41529.000
41829.000
42129.000
42429.000
42729.000
43029.000
43329.000
43629.000
43929.000
44229.000
44529.000
44829.000
45129.000
45429.000
45729.000
46029.000
46329.000
46629.000
46929.000
47229.000
47529.000
47829.000
48129.000
48429.000
48729.000
49029.000
49329.000
49629.000
49929.000
50229.000
50529.000
50829.000
51129.000
51429.000
51729.000
52029.000
52329.000
52629.000
52929.000
53229.000
53529.000
53829.000
54129.000
54429.000
54729.000
55029.000
55329.000
55629.000
55929.000
56229.000
56529.000
56829.000
57129.000
57429.000
57729.000
58029.000
58329.000
58629.000
58929.000
59229.000
59529.000
59829.000
60129.000
60429.000
60729.000
61029.000
61329.000
61629.000
61929.000
62229.000
62529.000
62829.000
63129.000
63429.000
63729.000
64029.000
64329.000
64629.000
64929.000
65229.000
65529.000
65829.000
66129.000
66429.000
66729.000
67029.000
67329.000
67629.000
67929.000
68229.000
68529.000
68829.000
69129.000
69429.000
69729.000
70029.000
70329.000
70629.000
70929.000
71229.000
71529.000
71829.000
72129.000
72429.000
72729.000
73029.000
73329.000
73629.000
73929.000
74229.000
74529.000
74829.000
75129.000
75429.000
75729.000
76029.000
76329.000
76629.000
76929.000
77229.000
77529.000
77829.000
78129.000
78429.000
78729.000
79029.000
79329.000
79629.000
79929.000
80229.000
80529.000
80829.000
81129.000
81429.000
81729.000
82029.000
82329.000
82629.000
82929.000
83229.000
83529.000
83829.000
84129.000
84429.000
84729.000
85029.000
85329.000
85629.000
85929.000
86041.500
86043.000
86044.500
86046.000
86047.500
86049.000
86349.000
86636.000
86637.500
86639.000
86640.500
86642.000
86643.500
86645.000
86646.500
86648.000
86649.500
86651.000
86652.500
86654.000
86655.500
86657.000
86658.500
86660.000
86661.500
86663.000
86664.500
86666.000
86667.500
86669.000
86670.500
86672.000
86673.500
86675.000
86676.500
86678.000
86679.500
86681.000
86682.500
86684.000
86685.500
86687.000
86688.500
86690.000
86691.500
86693.000
86694.500
86696.000
86697.500
86699.000
86700.500
86702.000
86703.500
86705.000
86706.500
86708.000
86709.500
86711.000
86712.500
86714.000
86715.500
86717.000
86718.500
86720.000
86721.500
86723.000
86724.500
86726.000
86727.500
87027.500
87327.500
87627.500
87927.500
88227.500
88527.500
88827.500
89127.500
89427.500
89727.500
90027.500
90327.500
90627.500
90927.500
91227.500
91527.500
91827.500
92127.500
92427.500
92727.500
93027.500
93327.500
93627.500
93927.500
94227.500
94527.500
94827.500
95127.500
95427.500
95727.500
96027.500
96327.500
96627.500
96927.500
97227.500
97527.500
97827.500
98127.500
98427.500
98727.500
99027.500
99327.500
99627.500
99927.500
100227.500
100527.500
100827.500
101127.500
101427.500
101727.500
102027.500
102327.500
102627.500
102927.500
103227.500
103527.500
103827.500
104127.500
104427.500
104727.500
105027.500
105327.500
105627.500
105927.500
106227.500
106527.500
106827.500
107127.500
107427.500
107727.500
108027.500
108327.500
108627.500
108927.500
109227.500
109527.500
109827.500
110127.500
110427.500
110727.500
111027.500
111327.500
111627.500
111927.500
112227.500
112527.500
112827.500
113127.500
113427.500
113727.500
114027.500
114327.500
114627.500
114927.500
115227.500
115527.500
115827.500
116127.500
116427.500
116727.500
117027.500
117327.500
117627.500
117927.500
118227.500
118527.500
118827.500
119127.500
119427.500
119727.500
120027.500
120327.500
120627.500
120927.500
121227.500
121527.500
121827.500
122127.500
122427.500
122727.500
123027.500
123327.500
123627.500
123927.500
124227.500
124527.500
124827.500
125127.500
125427.500
125727.500
126027.500
126327.500
126627.500
126927.500
127227.500
127527.500
127827.500
128127.500
128427.500
128727.500
129027.500
129327.500
129627.500
129927.500
130227.500
130527.500
130827.500
131127.500
131427.500
131727.500
132027.500
132327.500
132627.500
132927.500
133227.500
133527.500
133827.500
134127.500
134427.500
134727.500
135027.500
135327.500
135627.500
135927.500
136227.500
136527.500
136827.500
137127.500
137427.500
137727.500
138027.500
138327.500
138627.500
138927.500
139227.500
139527.500
139827.500
140127.500
140427.500
140727.500
141027.500
141327.500
141627.500
141927.500
142227.500
142527.500
142827.500
143127.500
143427.500
143727.500
144027.500
144327.500
144627.500
144927.500
145227.500
145527.500
145827.500
146127.500
146427.500
146727.500
147027.500
147327.500
147627.500
147927.500
148227.500
148527.500
148827.500
149127.500
149427.500
149727.500
150027.500
150327.500
150627.500
150927.500
151227.500
151527.500
151827.500
152127.500
152427.500
152727.500
153027.500
153327.500
153627.500
153927.500
154227.500
154527.500
154827.500
155127.500
155427.500
155727.500
156027.500
156327.500
156627.500
156927.500
157227.500
157527.500
157827.500
158127.500
158427.500
158727.500
159027.500
159327.500
159627.500
159927.500
160227.500
160527.500
160827.500
161127.500
161427.500
161727.500
162027.500
162327.500
162627.500
162927.500
163227.500
163527.500
163827.500
164127.500
164427.500
164727.500
165027.500
165327.500
165627.500
165927.500
166227.500
166527.500
166827.500
167127.500
167427.500
167727.500
168027.500
168327.500
168627.500
168927.500
169227.500
169527.500
169827.500
170127.500
170427.500
170727.500
171027.500
171327.500
171627.500
171927.500
172227.500
172527.500
172556.000
172557.500
172559.000
172560.500
172562.000
172563.500
172565.000
172566.500
172568.000
172569.500
172571.000
172572.500
172574.000
172575.500
172577.000
172578.500
172580.000
172581.500
172583.000
172584.500
172586.000
172587.500
172589.000
172590.500
172592.000
172593.500
172595.000
172596.500
172598.000
172599.500
172601.000
172602.500
172604.000
172605.500
172607.000
172608.500
172610.000
172611.500
172613.000
172614.500
172616.000
172617.500
172619.000
172620.500
172622.000
172623.500
172625.000
172626.500
172628.000
172629.500
172631.000
172632.500
172634.000
172635.500
172637.000
172638.500
172640.000
172641.500
172643.000
172644.500
172646.000
172647.500
172649.000
172650.500
172652.000
172653.500
172655.000
172656.500
172658.000
172659.500
172661.000
172662.500
172664.000
172665.500
172667.000
172668.500
172670.000
172671.500
172673.000
172674.500
172676.000
172677.500
172679.000
172680.500
172682.000
172683.500
172685.000
172985.000
173285.000
173585.000
173885.000
174185.000
174485.000
174785.000
175085.000
175385.000
175685.000
175985.000
176285.000
176585.000
176885.000
177185.000
177485.000
177785.000
178085.000
178385.000
178685.000
178985.000
179285.000
179585.000
179885.000
180185.000
180485.000
180785.000
181085.000
181385.000
181685.000
181985.000
182285.000
182585.000
182885.000
183185.000
183485.000
183785.000
184085.000
184385.000
184685.000
184985.000
185285.000
185585.000
185885.000
186185.000
186485.000
186785.000
187085.000
187385.000
187685.000
187985.000
188285.000
188585.000
188885.000
189185.000
189485.000
189785.000
190085.000
190385.000
190685.000
190985.000
191285.000
191585.000
191885.000
192185.000
192485.000
192785.000
193085.000
193385.000
193685.000
193985.000
194285.000
194585.000
194885.000
195185.000
195485.000
195785.000
196085.000
196385.000
196685.000
196985.000
197285.000
197585.000
197885.000
198185.000
198485.000
198785.000
199085.000
199385.000
199685.000
199985.000
200285.000
200585.000
200885.000
201185.000
201485.000
201785.000
202085.000
202385.000
202685.000
202985.000
203285.000
203585.000
203885.000
204185.000
204485.000
204785.000
205085.000
205385.000
205685.000
205985.000
206285.000
206585.000
206885.000
207185.000
207485.000
207785.000
208085.000
208385.000
208685.000
208985.000
209285.000
209585.000
209885.000
210185.000
210485.000
210785.000
211085.000
211385.000
211685.000
211985.000
212285.000
212585.000
212885.000
213185.000
213485.000
213785.000
214085.000
214385.000
214685.000
214985.000
215285.000
215585.000
215885.000
216185.000
216485.000
216785.000
217085.000
217385.000
217685.000
217985.000
218285.000
218585.000
218885.000
219185.000
219485.000
219785.000
220085.000
220385.000
220685.000
220985.000
221285.000
221585.000
221885.000
222185.000
222485.000
222785.000
223085.000
223385.000
223685.000
223985.000
224285.000
224585.000
224885.000
225185.000
225485.000
225785.000
226085.000
226385.000
226685.000
226985.000
227285.000
227585.000
227885.000
228185.000
228485.000
228785.000
229085.000
229385.000
229685.000
229985.000
230285.000
230585.000
230885.000
231185.000
231485.000
231785.000
232085.000
232385.000
232685.000
232985.000
233285.000
233585.000
233885.000
234185.000
234485.000
234785.000
235085.000
235385.000
235685.000
235985.000
236285.000
236585.000
236885.000
237185.000
237485.000
237785.000
238085.000
238385.000
238685.000
238985.000
239285.000
239585.000
239885.000
240185.000
240485.000
240785.000
241085.000
241385.000
241685.000
241985.000
242285.000
242585.000
242885.000
243185.000
243485.000
243785.000
244085.000
244385.000
244685.000
244985.000
245285.000
245585.000
245885.000
246185.000
246485.000
246785.000
247085.000
247385.000
247685.000
247985.000
248285.000
248585.000
248885.000
249185.000
249485.000
249785.000
250085.000
250385.000
250685.000
250985.000
251285.000
251585.000
251885.000
252185.000
252485.000
252785.000
253085.000
253385.000
253685.000
253985.000
254285.000
254585.000
254885.000
255185.000
255485.000
255785.000
256085.000
256385.000
256685.000
256985.000
257285.000
257585.000
257885.000
258185.000
258485.000
258785.000
259085.000
259385.000
259685.000
259985.000
260285.000
260585.000
260885.000
261185.000
261485.000
261785.000
262085.000
262385.000
262685.000
262985.000
263285.000
263585.000
263885.000
264185.000
264485.000
264785.000
265085.000
265385.000
265685.000
265985.000
266285.000
266585.000
266885.000
267185.000
267485.000
267785.000
268085.000
268385.000
268685.000
268985.000
269285.000
269585.000
269885.000
270185.000
270485.000
270785.000
271085.000
271385.000
271685.000
271985.000
272285.000
272585.000
272885.000
273185.000
273485.000
273785.000
274085.000
274385.000
274685.000
274985.000
275285.000
275585.000
275885.000
276185.000
276485.000
276785.000
277085.000
277385.000
277685.000
277985.000
278285.000
278585.000
278885.000
279185.000
279485.000
279785.000
280085.000
280385.000
280685.000
280985.000
281285.000
281585.000
281885.000
282185.000
282485.000
282785.000
283085.000
283385.000
283685.000
283985.000
284285.000
284585.000
284885.000
285185.000
285485.000
285785.000
286085.000
286385.000
286685.000
286985.000
287285.000
287585.000
287885.000
288185.000
288485.000
288785.000
289085.000
289385.000
289685.000
289985.000
290285.000
290585.000
290885.000
291185.000
291485.000
291785.000
292085.000
292385.000
292685.000
292985.000
293285.000
293585.000
293885.000
294185.000
294485.000
294785.000
295085.000
295385.000
295685.000
295985.000
296285.000
296585.000
296885.000
297185.000
297485.000
297785.000
298085.000
298385.000
298685.000
298985.000
299285.000
299585.000
299885.000
300185.000
300485.000
300785.000
301085.000
301385.000
301685.000
301985.000
302285.000
302585.000
302885.000
303185.000
303485.000
303785.000
304085.000
304385.000
304685.000
304985.000
305285.000
305585.000
305885.000
306185.000
306485.000
306785.000
307085.000
307385.000
307685.000
307985.000
308285.000
308585.000
308885.000
309185.000
309485.000
309785.000
310085.000
310385.000
310685.000
310985.000
311285.000
311585.000
311885.000
312185.000
312485.000
312785.000
313085.000
313385.000
313685.000
313985.000
314285.000
314585.000
314885.000
315185.000
315485.000
315785.000
316085.000
316385.000
316685.000
316985.000
317285.000
317585.000
317885.000
318185.000
318485.000
318785.000
319085.000
319385.000
319685.000
319985.000
320285.000
320585.000
320885.000
321185.000
321485.000
321785.000
322085.000
322385.000
322685.000
322985.000
323285.000
323585.000
323885.000
324185.000
324485.000
324785.000
325085.000
325385.000
325685.000
325985.000
326285.000
326585.000
326885.000
327185.000
327485.000
327785.000
328085.000
328385.000
328685.000
328985.000
329285.000
329585.000
329885.000
330185.000
330485.000
330785.000
331085.000
331385.000
331685.000
331985.000
332285.000
332585.000
332885.000
333185.000
333485.000
333785.000
334085.000
334385.000
334685.000
334985.000
335285.000
335585.000
335885.000
336185.000
336485.000
336785.000
337085.000
337385.000
337685.000
337985.000
338285.000
338585.000
338885.000
339185.000
339485.000
339785.000
340085.000
340385.000
340685.000
340985.000
341285.000
341585.000
341885.000
342185.000
342485.000
342785.000
343085.000
343385.000
343685.000
343985.000
344285.000
344585.000
344885.000
345185.000
345485.000
345785.000
346085.000
346385.000
346685.000
346985.000
347285.000
347585.000
347885.000
348185.000
348485.000
348785.000
349085.000
349385.000
349685.000
349985.000
350285.000
350585.000
350885.000
351185.000
351485.000
351785.000
352085.000
352385.000
352685.000
352985.000
353285.000
353585.000
353885.000
354185.000
354485.000
354785.000
355085.000
355385.000
355685.000
355985.000
356285.000
356585.000
356885.000
357185.000
357485.000
357785.000
358085.000
358385.000
358685.000
358985.000
359285.000
359585.000
359885.000
360185.000
360485.000
360785.000
361085.000
361385.000
361685.000
361985.000
362285.000
362585.000
362885.000
363185.000
363485.000
363785.000
364085.000
364385.000
364685.000
364985.000
365285.000
365585.000
365885.000
366185.000
366485.000
366785.000
367085.000
367385.000
367685.000
367985.000
368285.000
368585.000
368885.000
369185.000
369485.000
369785.000
370085.000
370385.000
370685.000
370985.000
371285.000
371585.000
371885.000
372185.000
372485.000
372785.000
373085.000
373385.000
373685.000
373985.000
374285.000
374585.000
374885.000
375185.000
375485.000
375785.000
376085.000
376385.000
376685.000
376985.000
377285.000
377585.000
377885.000
378185.000
378485.000
378785.000
379085.000
379385.000
379685.000
379985.000
380285.000
380585.000
380885.000
381185.000
381485.000
381785.000
382085.000
382385.000
382685.000
382985.000
383285.000
383585.000
383885.000
384185.000
384485.000
384785.000
385085.000
385385.000
385685.000
385985.000
386285.000
386585.000
386885.000
387185.000
387485.000
387785.000
388085.000
388385.000
388685.000
388985.000
389285.000
389585.000
389885.000
390185.000
390485.000
390785.000
391085.000
391385.000
391685.000
391985.000
392285.000
392585.000
392885.000
393185.000
393485.000
393785.000
394085.000
394385.000
394685.000
394985.000
395285.000
395585.000
395885.000
396185.000
396485.000
396785.000
397085.000
397385.000
397685.000
397985.000
398285.000
398585.000
398885.000
399185.000
399485.000
399785.000
400085.000
400385.000
400685.000
400985.000
401285.000
401585.000
401885.000
402185.000
402485.000
402785.000
403085.000
403385.000
403685.000
403985.000
404285.000
404585.000
404885.000
405185.000
405485.000
405785.000
406085.000
406385.000
406685.000
406985.000
407285.000
407585.000
407885.000
408185.000
408485.000
408785.000
409085.000
409385.000
409685.000
409985.000
410285.000
410585.000
410885.000
411185.000
411485.000
411785.000
412085.000
412385.000
412685.000
412985.000
413285.000
413585.000
413885.000
414185.000
414485.000
414785.000
415085.000
415385.000
415685.000
415985.000
416285.000
416585.000
416885.000
417185.000
417485.000
417785.000
418085.000
418385.000
418685.000
418985.000
419285.000
419585.000
419885.000
420185.000
420485.000
420785.000
421085.000
421385.000
421685.000
421985.000
422285.000
422585.000
422885.000
423185.000
423485.000
423785.000
424085.000
424385.000
424685.000
424985.000
425285.000
425585.000
425885.000
426185.000
426485.000
426785.000
427085.000
427385.000
427685.000
427985.000
428285.000
428585.000
428885.000
429185.000
429485.000
429785.000
430085.000
430385.000
430685.000
430985.000
431285.000
431585.000
431885.000